name MUeG MUhG krG ETA dG n_M_eff e_A_eff e_D_eff Pb Pc Nb Nc n 
MorphParamSet19Fields_sv45_MorphoDesc 0.022905 0.134565 0.685009 .907890 31103 0 0 1009.76 2265.43 4016 2747 37888 
MorphParamSet19Fields_sv89_MorphoDesc 0.171247 0.296707 0.518711 .816418 24123 8 6 1337.91 5469.11 6196 7566 37888 
MorphParamSet20Fields_sv54_MorphoDesc 0.031906 0.309758 0.479461 .828776 22603 1 1 1715.7 6198.52 5738 8481 36864 
MorphParamSet20Fields_sv80_MorphoDesc 0.185970 0.465326 0.340834 .737133 16638 26 12 2383.34 8695.6 7737 13226 37632 
MorphParamSet20Fields_sv99_MorphoDesc 0.357464 0.571060 0.264618 .667884 12615 114 107 2939.6 9709.45 9285 15927 37888 
MorphParamSet21Fields_sv193_MorphoDesc 0.868863 0.904701 0.024374 .209586 102 559 547 2097.16 3337.27 4663 21651 39168 
MorphParamSet21Fields_sv65_MorphoDesc 0.092330 0.521525 0.280240 .747287 15316 97 53 4300.9 11923.1 9192 17698 42496 
MorphParamSet24Fields_sv125_MorphoDesc 0.727932 0.575211 0.073304 .385552 3481 738 778 3918.03 6437.29 13748 18658 37376 
MorphParamSet24Fields_sv56_MorphoDesc 0.131545 0.285755 0.370270 .825925 21456 60 76 3199.19 5154.12 7727 6909 36096 
MorphParamSet26Fields_sv101_MorphoDesc 0.000000 0.414231 0.000000 0 0 0 0 0 0 0 0 37888 
MorphParamSet26Fields_sv210_MorphoDesc 0.000000 0.603327 0.000000 0 0 0 0 0 0 0 0 37888 
MorphParamSet32Fields_sv46_MorphoDesc 0.024733 0.247199 0.611621 .944987 28425 18 8 40.5227 6946.95 45 9004 37632 
MorphParamSet32Fields_sv80_MorphoDesc 0.240891 0.510334 0.277280 .739671 14408 103 77 3261.07 9885.93 7088 15757 37376 
