256 166 
5 5 5 5 5 5 5 5 3 5 5 5 5 5 5 5 5 5 5 5 5 5 5 5 5 5 5 5 5 5 5 5 3 3 3 3 3 1 1 1 7 7 7 1 1 3 3 3 3 3 3 7 3 3 5 5 5 5 5 3 3 3 3 3 3 3 3 5 5 5 5 5 5 5 5 5 5 5 5 5 5 5 5 5 5 5 5 5 5 5 5 5 3 5 5 5 5 5 5 5 5 5 5 5 5 5 5 5 5 5 3 3 5 5 5 5 5 5 5 5 5 5 5 5 5 3 5 5 5 5 5 5 3 5 5 5 5 5 5 5 5 5 5 5 5 5 5 5 5 5 5 5 5 5 5 5 5 5 3 3 5 3 5 5 3 5 3 3 3 3 3 3 3 5 5 5 5 3 5 5 5 5 5 5 3 5 5 5 5 5 5 5 5 5 5 5 5 5 3 3 3 3 3 3 3 3 3 5 5 5 5 5 5 5 5 5 3 3 3 3 3 3 3 3 3 3 3 3 3 3 3 3 3 3 5 5 5 5 5 5 5 5 5 5 5 3 5 5 3 5 5 5 5 5 5 5 
5 5 5 5 5 5 5 5 3 5 5 5 5 5 5 5 5 5 5 5 5 5 5 5 5 5 5 5 5 5 5 5 5 5 3 3 3 1 1 1 1 7 1 7 1 3 3 3 3 3 3 3 7 7 5 5 5 5 3 3 3 3 3 3 3 3 3 5 5 5 5 5 5 5 5 5 5 5 5 5 5 5 5 5 5 5 5 5 5 5 5 5 3 5 5 5 5 3 5 5 5 5 5 5 5 5 5 5 5 3 3 5 5 5 5 5 5 5 5 5 5 5 5 5 5 3 5 5 5 5 5 3 5 3 5 5 5 5 5 5 5 5 5 5 5 5 5 5 5 5 5 5 5 5 5 5 5 5 5 3 5 5 5 5 5 5 5 3 3 3 3 3 3 5 5 5 5 5 5 5 5 5 5 5 5 3 5 5 5 5 5 5 5 5 5 5 5 5 5 3 3 3 3 3 3 3 5 5 5 5 5 5 5 5 5 5 5 3 3 3 3 3 3 3 3 3 3 3 3 3 3 3 3 3 5 5 5 5 5 5 5 5 5 5 3 3 5 3 5 5 5 5 5 5 5 5 
5 5 5 5 5 5 5 5 3 5 5 5 5 5 5 5 5 5 5 5 5 5 5 5 5 5 5 5 5 5 5 5 5 3 3 3 3 1 1 1 1 7 1 7 3 3 3 3 3 3 3 3 3 7 3 5 5 5 5 3 3 3 3 3 3 3 3 5 5 5 5 5 5 5 5 5 5 5 5 5 5 5 5 5 5 5 5 5 5 5 5 3 5 5 5 3 3 3 3 3 5 5 5 5 5 5 5 5 5 3 3 3 3 5 5 5 5 5 5 5 5 5 5 5 5 3 5 5 5 5 5 3 5 3 5 5 5 5 5 5 5 5 5 5 5 5 5 5 5 5 5 5 5 5 5 5 5 5 5 3 3 5 5 5 5 5 5 3 3 3 3 3 3 5 5 5 5 5 5 5 5 5 5 5 3 3 5 5 5 5 5 5 5 5 5 5 5 5 5 3 3 3 3 3 3 5 5 5 5 5 5 5 5 5 5 5 5 5 3 3 5 3 3 3 3 3 3 3 3 3 3 3 5 5 5 5 5 5 5 5 5 5 5 5 5 3 5 5 5 5 5 5 5 5 5 5 
5 5 5 5 5 5 5 5 3 5 5 5 5 5 5 5 5 5 5 5 5 5 5 5 5 5 5 5 5 5 5 5 3 3 3 3 1 1 1 1 1 1 1 1 3 3 3 3 3 3 3 3 3 3 3 5 5 5 5 5 3 3 3 3 3 3 3 3 5 5 5 5 5 5 5 5 5 5 5 5 5 5 5 5 5 5 5 5 5 5 5 3 3 3 3 3 3 3 3 3 3 5 5 5 5 5 5 5 3 5 3 3 3 5 5 5 5 5 5 5 5 5 5 5 5 5 3 3 5 5 5 5 5 3 5 5 5 5 5 5 5 5 5 5 5 5 5 5 5 5 5 5 5 5 5 5 5 5 5 3 5 5 5 5 5 5 5 3 3 3 3 3 3 5 5 5 5 5 5 5 5 5 5 5 5 3 5 5 5 5 5 5 5 5 5 5 5 5 3 3 3 3 3 3 3 5 5 5 5 5 5 5 5 5 5 5 5 5 5 5 5 5 5 3 5 3 3 3 3 3 3 5 5 5 5 5 5 5 5 5 5 5 5 5 3 3 3 3 5 5 5 5 5 5 5 5 
5 5 5 5 5 5 5 5 5 3 5 5 5 5 5 5 5 5 5 5 5 5 5 5 5 5 5 5 5 3 5 5 3 3 3 3 1 1 1 1 1 1 1 3 3 3 3 3 3 3 3 3 3 3 5 5 3 3 5 5 3 3 3 3 3 3 3 3 5 5 5 5 5 5 5 5 5 5 5 5 5 5 5 5 5 5 3 5 5 5 5 3 3 3 3 3 3 3 3 3 5 5 5 3 5 5 5 3 3 5 5 3 3 3 5 5 5 5 5 5 5 5 5 5 5 5 3 3 5 3 5 5 3 3 5 5 5 5 5 5 5 5 5 5 5 5 5 5 5 5 5 5 5 5 5 5 5 5 5 3 5 5 5 5 5 5 5 3 5 5 3 3 3 3 3 3 3 5 5 5 5 5 5 5 3 3 5 5 5 5 5 5 5 5 5 5 5 5 5 5 3 3 5 5 5 5 5 5 5 5 5 5 5 5 5 5 5 5 5 3 3 3 3 3 5 3 7 3 3 3 3 5 5 5 5 5 5 5 5 5 5 5 3 3 5 5 5 5 5 5 5 5 5 5 5 5 
5 5 5 5 5 5 5 5 5 5 3 5 5 5 5 5 5 5 5 5 5 5 5 5 5 3 5 5 3 5 3 5 5 3 3 1 1 1 1 1 1 1 1 3 3 3 5 3 3 3 3 3 3 3 5 5 3 5 5 3 3 3 3 3 3 3 3 3 3 3 5 5 5 5 5 5 5 5 5 5 5 5 5 5 5 3 5 5 5 5 3 5 5 3 3 3 3 3 3 5 5 5 5 3 5 3 3 5 5 5 5 5 3 3 5 5 5 5 5 5 5 5 5 5 5 5 5 5 3 3 5 5 3 3 3 3 5 5 5 5 5 5 5 5 5 5 5 5 5 5 5 5 5 5 5 5 5 5 5 3 3 5 3 3 3 3 3 5 5 5 3 3 5 5 5 3 3 3 5 3 5 5 5 3 3 5 5 5 5 5 5 5 5 5 5 5 5 5 5 3 3 3 3 3 5 5 5 5 5 5 5 5 5 5 5 5 5 5 5 5 5 5 3 3 5 3 3 3 3 3 3 3 5 5 5 5 5 5 5 5 5 5 5 5 3 3 5 5 5 5 5 5 5 5 5 5 
5 5 5 5 5 5 5 5 5 5 5 3 5 5 5 5 5 5 5 5 5 5 5 5 5 3 3 3 5 5 3 3 5 3 3 1 1 1 1 1 1 1 1 3 3 3 5 5 5 3 3 3 3 5 5 5 5 5 5 5 3 3 3 3 3 3 3 3 3 3 3 3 5 5 5 5 5 5 5 5 5 5 5 3 5 5 5 5 5 5 5 5 5 5 3 5 3 3 3 3 5 3 3 3 3 3 3 3 5 5 5 5 5 5 5 3 3 5 5 5 5 5 5 5 5 5 5 5 3 3 3 3 5 5 3 5 5 5 5 5 5 5 5 5 5 5 5 5 5 5 5 5 5 5 5 5 5 5 3 3 3 3 3 3 3 5 3 5 5 5 5 5 5 5 3 3 5 5 5 3 3 5 3 3 3 3 5 5 5 5 5 5 5 5 5 5 5 5 5 3 3 3 3 3 3 5 5 5 5 5 5 5 5 5 5 5 5 5 5 5 5 3 3 3 5 3 3 3 3 3 3 3 5 5 5 3 3 5 5 5 3 5 5 5 5 3 5 5 5 5 5 5 5 5 5 5 
5 5 5 5 5 5 5 5 5 5 5 3 5 3 5 5 5 5 5 5 5 5 5 5 3 5 5 5 3 3 3 3 3 3 1 1 1 1 1 1 1 1 1 3 3 5 5 5 5 5 5 5 5 5 5 5 5 5 5 5 3 3 3 3 3 3 3 3 3 3 3 3 5 5 5 5 5 5 5 5 5 5 3 3 5 5 5 5 5 5 5 5 5 3 5 5 3 3 3 3 3 3 3 3 3 3 3 3 5 5 5 5 5 5 5 5 5 3 5 5 5 5 5 5 5 3 3 3 3 3 3 3 3 3 3 5 5 3 5 5 5 5 5 5 5 5 5 5 5 5 5 5 5 5 5 5 5 5 3 3 3 3 3 5 5 5 5 5 5 5 5 5 5 5 5 5 5 5 5 5 5 5 3 3 3 3 5 5 5 5 5 5 5 5 5 5 5 5 5 3 3 3 5 3 5 5 5 5 5 5 5 5 5 5 5 5 5 5 5 5 5 5 5 5 5 5 3 3 3 3 3 5 5 5 5 5 3 3 3 3 3 3 3 5 5 3 5 5 5 5 5 5 5 5 5 5 
5 5 5 5 5 5 5 5 5 5 3 5 5 3 3 3 3 5 3 3 5 5 5 3 5 5 5 5 3 3 3 3 3 3 1 1 1 1 7 1 7 7 7 3 3 3 3 5 5 5 5 5 5 5 5 5 5 5 5 5 5 3 3 3 3 3 3 3 3 3 3 3 3 3 5 5 5 5 5 5 5 3 3 3 5 5 5 5 5 5 5 5 5 5 5 5 5 3 3 3 3 3 3 3 3 3 3 3 5 5 5 5 5 5 5 5 5 5 5 5 5 5 5 3 3 3 3 3 3 3 3 3 3 5 5 5 5 3 5 5 5 5 5 5 5 5 5 5 5 5 5 5 5 5 5 5 3 3 3 3 3 5 5 5 5 5 5 5 5 5 5 5 5 5 5 3 5 5 5 5 5 5 3 3 3 3 3 5 5 3 3 5 5 5 5 5 5 5 3 3 3 3 3 3 3 5 5 5 5 5 5 5 5 5 5 5 5 5 5 5 5 5 5 5 5 5 3 3 3 3 3 3 5 3 3 3 5 5 5 3 5 3 5 3 3 3 5 5 5 5 5 5 5 5 5 5 
5 5 5 5 5 5 5 5 5 5 5 5 3 3 3 3 3 5 5 5 5 5 5 3 5 5 5 3 3 3 3 3 3 1 1 1 1 1 7 7 1 7 7 7 3 3 5 5 5 5 5 5 5 5 5 5 5 5 5 5 5 5 3 3 3 3 3 3 3 3 3 3 3 3 5 5 5 5 5 5 5 3 3 5 5 5 5 5 5 5 5 5 5 5 5 5 5 3 3 3 3 3 3 5 3 3 5 5 5 5 5 5 5 5 5 5 5 5 5 5 3 3 3 3 3 3 3 3 3 3 3 3 3 3 3 5 5 5 5 5 5 5 5 5 5 5 5 5 5 5 5 5 5 5 3 3 3 3 3 3 5 5 5 5 5 5 5 5 5 5 5 5 5 5 5 3 5 5 5 5 5 5 3 3 3 3 3 3 3 3 5 5 3 5 5 5 5 5 5 5 3 3 5 5 5 5 5 5 5 5 5 5 5 5 5 5 5 5 5 5 5 5 5 5 5 5 3 3 3 3 3 3 3 5 3 5 5 5 5 5 5 5 5 5 3 3 5 5 5 5 5 5 5 5 5 5 
5 5 5 5 5 5 5 5 5 5 5 5 3 3 3 3 3 5 5 5 5 3 3 5 5 3 5 3 3 3 3 3 1 1 1 1 1 1 1 7 1 7 7 7 3 3 5 5 5 5 5 5 5 5 5 5 5 5 5 5 5 3 3 5 3 3 3 3 3 3 3 3 3 3 5 5 5 5 5 5 5 3 3 5 5 5 5 5 5 5 5 5 5 5 5 5 3 3 3 3 3 3 3 3 5 5 5 5 5 5 5 5 5 5 5 5 5 5 5 5 5 5 5 5 5 3 3 3 3 3 3 3 3 3 5 3 5 5 5 3 3 5 5 5 5 5 5 5 5 5 5 5 3 3 5 3 3 3 3 3 5 3 5 5 5 5 5 5 5 5 5 5 5 5 5 5 5 5 5 5 5 5 3 3 3 3 3 3 3 3 3 5 3 5 5 5 5 5 5 3 3 3 3 3 3 5 5 5 5 5 5 5 5 5 5 5 5 5 5 5 5 5 5 5 5 3 3 3 3 3 3 3 5 5 5 5 5 5 5 5 5 5 5 3 5 5 5 5 5 5 5 5 5 5 5 5 
5 5 5 5 5 5 5 5 5 5 5 3 3 3 3 3 3 3 5 5 5 3 3 3 5 5 5 3 3 3 1 1 1 1 1 1 1 1 7 7 7 7 7 7 7 3 5 5 5 5 5 5 5 5 5 5 5 5 5 5 5 5 3 5 3 3 3 5 3 3 3 3 3 3 3 5 3 5 5 5 5 5 3 3 5 5 5 5 5 5 5 5 5 5 5 5 3 3 3 3 3 3 3 3 5 5 5 5 5 5 5 5 5 5 5 5 5 5 5 5 5 5 5 5 3 3 3 3 3 3 3 3 5 3 5 5 5 5 5 5 3 5 5 5 5 5 5 5 5 5 5 3 3 3 3 3 3 3 3 5 5 5 5 5 5 5 5 5 5 5 5 5 5 5 5 5 5 5 5 5 5 5 3 3 3 3 3 3 3 3 3 3 3 3 5 5 3 3 5 3 5 5 5 3 5 5 5 5 5 5 5 5 5 5 5 5 5 5 5 5 5 5 5 5 3 3 3 3 3 3 3 3 5 5 5 5 5 5 5 5 5 5 5 3 5 5 5 5 5 5 5 5 5 5 5 5 
5 5 5 5 5 5 5 5 5 5 5 3 3 3 3 3 3 3 3 5 3 3 3 3 5 3 3 3 1 1 1 1 1 1 1 1 1 1 1 7 7 7 7 5 5 3 3 5 5 5 5 5 5 5 5 5 5 5 5 5 5 5 3 5 5 5 5 3 5 3 3 3 3 3 3 5 3 5 5 5 5 3 3 3 5 5 5 5 5 5 5 5 5 5 5 5 5 5 3 3 3 3 3 3 3 3 5 5 5 5 5 5 5 5 5 5 5 5 5 5 5 5 5 5 5 3 5 3 3 3 3 3 5 3 5 5 5 5 5 5 5 3 5 5 5 5 5 5 5 5 5 3 3 3 3 3 3 3 3 3 5 5 5 5 5 5 5 5 5 5 5 5 5 5 5 5 5 5 5 5 5 5 3 3 3 3 3 3 3 3 3 3 3 3 5 3 3 3 3 3 3 5 5 5 3 5 5 5 5 5 5 5 5 5 5 5 5 5 5 5 5 5 5 3 3 5 3 3 3 3 3 5 5 5 5 5 5 5 5 5 5 5 5 5 3 3 5 5 5 5 5 5 5 5 5 5 
5 5 5 5 5 5 5 5 5 5 5 3 3 3 3 3 3 5 5 3 3 3 3 3 3 7 7 1 1 1 1 1 1 1 1 1 1 1 1 1 7 7 3 5 5 5 3 3 5 5 5 5 5 5 5 5 5 5 5 5 5 3 3 5 5 5 3 5 5 5 3 3 3 3 3 3 3 3 5 5 5 5 3 3 3 5 3 3 3 5 5 5 5 5 5 5 5 5 3 3 3 3 3 3 3 3 5 5 5 5 5 5 5 5 5 5 5 5 5 5 5 5 5 5 5 5 3 5 3 3 3 3 3 3 5 5 5 5 5 3 5 5 5 5 5 5 5 5 5 5 3 3 3 3 3 3 3 3 3 3 3 3 5 5 5 5 5 5 5 5 5 5 5 5 5 5 5 5 5 5 5 5 5 5 5 3 3 3 3 3 3 3 3 3 3 3 3 3 5 5 5 5 3 5 3 3 3 5 5 5 5 5 5 5 5 5 5 5 5 5 5 5 5 5 5 5 3 3 3 3 3 3 5 5 3 5 5 5 5 5 5 5 5 5 3 3 3 5 5 5 5 5 5 5 5 5 
5 5 5 5 5 5 5 5 5 5 5 5 7 3 3 3 3 3 3 3 3 3 3 3 1 7 7 7 1 1 1 1 1 1 1 1 1 1 1 1 1 7 7 7 7 5 3 5 5 5 5 5 5 5 5 5 5 5 5 5 5 5 3 5 5 5 5 5 5 5 5 3 3 3 7 7 3 3 3 3 5 5 3 3 3 3 5 3 3 3 5 5 5 5 5 5 5 3 3 3 3 3 3 3 3 5 5 3 5 5 5 5 5 5 5 5 5 5 5 5 5 5 5 5 5 5 5 5 5 7 3 3 3 3 3 5 5 5 5 3 5 3 5 5 5 5 5 5 5 5 5 3 3 3 3 3 3 3 5 3 5 5 5 5 5 5 5 5 5 5 5 5 5 5 5 5 5 5 5 5 5 5 5 5 5 5 3 3 3 3 3 3 3 3 3 3 3 3 3 5 5 3 3 5 5 5 5 5 5 5 5 5 5 5 5 5 5 5 5 5 5 5 3 5 5 3 3 3 3 3 3 3 3 3 3 5 5 5 5 5 5 5 5 5 5 3 3 5 5 5 5 5 5 5 5 5 
5 5 5 5 5 5 5 5 5 5 5 5 3 3 3 3 3 3 3 3 3 3 3 1 7 7 7 1 1 1 1 1 1 1 1 1 1 1 1 1 3 3 3 7 3 5 5 3 5 5 5 5 5 5 5 5 5 5 5 5 5 5 5 3 5 5 5 5 5 5 5 3 3 3 3 3 3 3 3 3 5 5 3 3 3 3 3 3 5 5 5 5 5 3 5 5 5 3 5 3 3 3 3 3 3 5 3 3 5 5 5 5 5 5 5 5 5 5 5 5 5 5 5 5 5 5 5 3 3 3 3 3 3 3 3 5 3 5 3 5 5 3 3 3 3 5 5 5 3 3 5 3 3 3 3 3 3 5 5 3 5 5 5 5 5 5 5 5 5 5 5 5 5 5 5 5 5 5 5 5 5 5 5 5 5 5 5 5 5 3 3 3 3 3 3 3 3 3 3 3 5 3 3 5 5 5 3 5 5 5 5 5 5 5 5 5 5 5 5 5 5 5 3 3 3 3 3 3 3 3 3 3 3 3 3 3 5 5 5 5 5 5 5 5 5 3 5 5 5 5 5 5 5 5 5 5 
5 5 5 5 5 5 5 5 5 5 3 3 3 3 3 3 3 3 3 3 3 3 1 1 1 1 7 1 1 1 1 1 1 1 1 1 1 1 1 3 3 3 3 3 3 5 3 3 5 5 5 5 5 5 5 5 5 5 5 5 5 5 5 3 3 5 5 5 5 5 3 3 3 3 3 3 3 3 3 3 5 5 3 3 3 5 3 3 5 5 5 5 3 5 3 5 5 3 5 5 5 3 3 3 5 5 3 5 5 5 5 5 5 5 5 3 5 5 5 5 5 5 5 5 5 5 5 3 3 3 3 3 3 5 5 5 3 3 5 3 5 3 3 3 3 5 3 3 3 5 3 3 3 3 3 3 3 5 3 3 3 3 3 5 5 5 5 5 5 5 5 5 5 5 5 5 5 5 5 5 5 5 5 5 5 5 3 5 5 5 3 3 3 3 3 3 3 3 3 3 3 3 3 5 5 5 5 3 5 5 5 5 5 5 5 5 5 5 5 5 3 3 3 3 3 7 3 3 3 3 3 3 3 3 3 3 5 3 3 3 3 3 5 3 3 3 3 3 5 5 5 5 5 5 5 5 
5 5 5 5 5 5 5 5 5 5 3 3 3 3 3 3 3 3 3 3 1 1 1 1 1 1 1 1 1 1 1 1 1 1 1 1 1 1 3 3 5 3 3 3 3 3 5 3 3 5 5 5 5 5 5 5 5 5 5 5 5 5 5 3 5 5 5 5 5 3 3 3 3 3 3 3 3 3 3 5 5 3 3 5 3 3 5 3 3 5 3 3 3 3 3 5 5 5 3 3 3 3 3 3 3 3 5 5 5 5 5 5 5 5 5 3 5 5 5 5 5 5 5 5 5 3 3 3 3 3 3 3 3 3 5 5 3 3 3 5 5 3 3 3 3 3 5 5 5 3 5 3 3 3 3 3 3 3 3 3 3 3 3 5 5 5 5 5 5 5 5 5 5 5 5 5 5 5 5 5 5 5 5 5 5 5 5 3 3 3 3 3 3 3 3 3 3 3 3 3 3 5 5 3 3 3 3 3 5 5 5 5 5 5 5 5 5 5 5 5 3 3 3 3 3 3 3 3 3 3 3 3 3 3 3 3 3 3 3 3 3 3 3 5 3 3 3 5 5 5 5 5 5 5 5 5 
5 5 5 5 5 5 5 5 5 5 3 3 3 3 3 3 3 3 3 1 1 1 1 1 1 1 1 1 7 7 1 7 7 1 1 1 1 1 3 3 5 5 3 3 5 5 5 5 5 3 5 5 5 5 5 5 5 5 5 5 5 5 5 3 5 5 5 5 5 3 3 3 3 3 3 3 3 3 3 5 3 5 5 5 3 3 3 5 5 3 3 3 3 3 3 3 5 3 5 5 3 3 3 3 3 3 5 5 5 5 3 3 5 5 3 3 3 3 5 3 3 3 5 5 5 3 3 3 3 3 3 3 3 3 3 3 3 3 3 3 3 3 3 3 3 3 3 3 5 5 5 5 3 3 3 3 3 3 3 5 3 3 5 5 5 5 5 5 5 5 5 5 5 5 5 5 5 5 5 5 5 5 5 5 5 5 3 3 3 3 3 3 3 3 3 3 3 3 3 3 3 3 3 3 5 5 5 5 3 3 5 5 5 5 5 5 5 5 3 3 3 5 5 3 3 3 3 3 3 3 3 3 3 3 3 3 3 3 3 3 5 3 5 5 5 5 5 5 5 5 5 5 5 5 5 5 
5 5 3 5 5 5 5 5 5 5 3 3 3 3 3 3 3 3 1 1 1 1 1 1 1 1 1 7 7 1 1 1 1 1 1 1 1 3 3 5 5 5 3 5 5 5 5 5 5 3 5 5 5 5 5 5 5 5 5 5 5 5 5 3 5 5 5 5 3 3 3 3 3 3 3 3 3 3 3 5 5 3 3 5 3 3 5 5 5 3 3 3 5 5 5 5 5 5 5 5 3 3 3 3 3 5 5 5 5 5 3 3 3 3 3 3 3 3 3 3 3 3 3 3 3 3 3 3 3 3 3 3 3 3 3 3 3 3 3 3 3 3 3 3 3 3 3 5 5 5 5 5 5 3 3 3 3 5 5 5 5 5 3 5 5 5 5 5 5 5 5 5 5 5 5 5 5 5 5 5 5 5 5 5 5 3 5 5 3 3 3 3 3 3 3 3 3 3 3 3 3 3 3 5 3 5 5 5 5 3 5 5 5 5 5 5 3 5 3 5 3 5 5 3 3 3 3 3 3 3 3 3 3 3 3 3 3 3 3 3 3 5 3 3 5 5 5 5 5 5 5 5 5 5 5 5 
5 5 3 3 3 5 5 3 3 3 5 5 3 3 3 3 3 3 1 1 1 1 1 1 1 1 1 1 1 7 1 1 1 1 1 1 1 3 3 5 5 5 5 5 5 5 5 5 5 3 3 5 5 5 5 5 5 5 5 5 5 5 5 5 3 5 5 5 5 5 3 3 3 3 3 3 3 3 3 5 5 3 3 7 5 3 5 5 5 3 5 3 5 5 5 5 5 5 5 5 3 3 5 5 3 3 5 5 5 5 3 3 3 3 3 7 3 3 3 3 3 3 3 3 3 3 3 3 3 3 3 3 3 3 3 3 5 3 3 3 3 3 3 3 5 5 5 5 5 5 5 5 5 3 3 3 3 5 5 5 3 3 3 3 3 5 5 5 5 5 5 5 5 5 5 5 5 5 3 5 5 5 5 5 5 5 5 3 3 7 3 3 3 3 3 3 3 3 3 3 3 3 5 5 5 5 5 5 5 5 5 3 5 5 3 5 5 5 5 5 3 3 3 3 3 3 3 3 3 3 3 3 3 3 3 3 5 3 3 3 3 5 3 3 5 5 5 5 5 5 5 5 5 5 5 5 
5 3 5 5 3 5 5 3 3 3 3 3 3 3 3 3 3 1 1 1 1 1 1 1 1 1 1 1 1 1 1 1 1 1 1 1 1 3 3 7 3 5 3 5 5 5 5 5 5 5 3 5 5 5 5 5 5 5 5 5 5 3 3 3 3 5 5 5 3 5 3 3 3 3 3 3 3 3 3 3 3 3 3 3 3 3 5 5 5 3 5 5 5 5 5 5 5 5 5 5 3 5 3 3 3 5 5 5 5 5 7 3 3 3 3 3 3 3 3 3 3 3 3 3 3 3 3 3 3 3 3 3 3 3 3 3 5 3 5 5 5 3 3 5 5 5 5 5 5 5 5 5 5 5 5 3 5 5 3 3 3 3 3 3 3 5 5 5 5 5 5 5 5 5 5 5 5 3 3 5 5 5 3 3 3 5 5 3 3 3 3 3 3 3 3 3 3 3 3 3 3 3 3 5 5 5 5 5 5 5 5 5 3 3 5 5 5 5 5 5 3 5 3 3 3 3 3 3 3 3 3 3 3 3 3 3 3 3 3 3 3 5 3 3 5 5 5 5 5 5 5 5 5 5 3 5 
3 3 3 5 5 3 5 5 5 3 3 3 3 3 3 3 1 1 1 1 1 1 1 1 1 1 1 1 1 1 1 1 1 1 1 1 1 3 5 5 5 5 3 5 5 5 5 5 5 5 5 3 5 3 5 5 5 5 3 5 3 3 3 5 3 3 3 3 3 3 3 3 3 3 3 3 3 3 3 3 3 3 3 3 3 5 5 5 5 3 5 3 3 5 5 5 5 5 5 5 5 3 3 3 3 5 5 5 5 5 3 3 3 3 3 3 3 3 5 3 5 3 3 3 3 3 3 3 3 3 3 3 3 3 3 5 5 5 5 5 5 5 5 5 5 5 5 5 5 5 5 5 3 5 5 3 3 5 3 3 3 3 3 3 3 5 5 5 5 5 5 5 3 5 5 5 3 3 3 3 3 3 5 5 3 3 5 3 3 3 3 3 3 3 3 3 3 3 3 3 3 5 5 5 5 5 5 5 5 5 5 5 5 5 5 5 5 5 5 5 3 3 3 3 3 3 3 3 3 3 3 3 3 3 3 3 3 3 3 3 3 3 3 3 3 5 5 5 5 5 5 5 5 5 3 3 
5 5 5 5 5 5 5 5 5 3 3 3 3 3 3 1 1 1 1 1 1 1 1 1 1 1 1 1 1 1 1 1 1 1 1 1 3 3 3 5 5 5 5 3 3 5 5 5 5 5 5 5 3 5 5 3 3 3 5 3 5 3 5 3 3 3 3 3 3 3 3 3 3 3 3 3 3 3 3 3 3 3 3 3 3 3 3 5 3 3 3 3 3 5 5 5 5 5 5 5 3 3 5 3 3 5 3 3 3 5 5 3 3 3 3 3 3 5 5 5 5 5 3 3 3 3 3 3 3 3 3 3 3 3 3 3 3 3 5 5 5 5 5 5 5 5 5 5 5 5 5 5 5 5 5 3 3 3 3 3 3 3 3 3 3 5 5 5 5 5 3 3 3 3 3 3 3 3 5 3 5 5 5 3 5 5 3 3 3 3 3 3 3 3 3 3 3 3 3 3 3 5 5 5 5 5 5 5 5 5 5 5 5 5 5 5 5 5 5 5 5 3 3 3 3 3 3 3 1 1 1 1 3 3 3 3 3 3 3 3 3 3 3 3 3 3 5 5 5 5 5 5 5 5 3 3 
5 5 5 5 5 5 5 5 5 5 5 7 3 3 1 1 1 1 1 1 1 1 1 1 1 1 1 1 1 1 1 1 1 1 1 1 3 3 3 3 3 5 5 3 5 5 5 5 5 5 5 5 5 3 5 3 5 5 5 5 5 5 5 5 5 5 3 3 3 3 3 3 3 5 3 5 3 5 3 3 3 3 3 3 5 5 5 5 5 3 3 3 3 3 5 5 5 5 5 5 3 3 3 3 3 5 3 3 3 5 3 3 3 3 3 3 3 5 5 5 3 3 3 3 3 3 3 3 3 3 3 3 3 3 3 3 3 3 5 5 5 5 5 5 5 5 5 5 5 5 5 5 5 5 5 3 3 3 3 3 3 3 3 5 5 3 5 5 5 5 5 5 3 3 5 3 5 5 5 5 5 5 5 5 5 5 5 3 3 3 3 3 3 3 3 3 3 3 3 3 3 5 5 5 5 5 5 5 5 5 5 5 5 5 5 5 5 5 5 3 5 3 3 3 3 3 1 1 1 1 1 1 1 1 3 3 3 3 3 3 3 3 3 3 3 3 3 5 5 5 5 5 5 5 3 3 
3 5 5 5 5 5 5 5 5 5 3 3 3 1 1 1 1 1 1 1 1 1 1 1 1 1 1 1 1 1 1 1 1 1 1 1 3 3 3 5 3 5 5 3 5 5 5 5 5 5 5 5 5 3 5 5 5 5 5 5 5 5 5 5 5 5 5 5 5 5 3 3 3 5 5 5 5 5 3 3 3 3 3 3 3 3 3 3 3 3 3 3 3 3 5 5 5 5 5 5 3 3 3 3 3 5 3 3 3 3 3 3 3 3 3 3 5 5 5 3 3 3 3 3 3 3 3 3 3 3 3 3 3 3 3 5 3 5 5 5 5 5 5 5 5 5 5 5 5 5 5 5 5 5 3 3 3 3 3 3 3 3 3 3 5 3 5 5 5 3 5 5 5 5 5 5 5 5 5 5 5 5 5 5 5 5 5 5 3 3 3 3 3 3 3 3 3 3 3 3 5 3 5 5 5 5 5 5 5 5 5 5 5 5 5 5 5 5 5 3 3 3 3 3 3 1 1 1 1 1 1 1 1 1 3 3 3 3 3 3 3 3 3 3 3 3 3 3 3 5 5 5 5 3 3 3 
5 5 5 5 5 5 5 3 3 5 5 3 3 1 1 1 1 1 1 1 1 1 1 1 1 1 1 1 1 1 1 1 1 1 7 1 3 3 5 5 5 3 3 3 5 5 5 5 5 5 5 5 5 3 5 5 5 5 5 5 5 5 5 5 5 5 5 5 5 5 3 3 5 3 3 3 5 5 5 3 3 3 3 3 3 3 3 3 3 3 3 3 3 3 5 5 3 3 5 5 3 3 3 3 3 3 3 3 3 3 3 3 3 3 3 3 5 5 5 3 7 3 3 3 3 3 3 3 3 3 3 3 3 3 3 5 5 5 5 5 5 5 5 5 5 5 5 5 5 5 5 5 5 5 5 3 3 3 3 3 3 3 3 3 5 5 3 3 5 3 5 5 5 5 5 5 5 5 5 5 5 5 5 5 5 5 5 5 5 3 3 3 3 3 3 3 3 3 3 3 3 3 5 5 5 5 5 5 5 5 5 5 3 5 3 3 3 7 3 3 3 3 3 3 1 1 1 1 1 1 1 1 1 1 1 3 3 3 3 3 3 3 3 3 3 3 3 3 3 3 3 3 5 3 3 3 
3 3 5 5 5 5 3 5 5 5 3 3 1 1 1 1 1 1 1 1 1 1 1 1 1 1 1 1 1 1 1 1 1 1 7 1 3 3 7 7 3 3 3 3 3 5 5 5 5 5 5 3 3 5 5 5 5 5 5 5 5 5 5 5 5 5 5 5 5 5 5 5 5 3 3 3 5 5 3 5 3 3 3 3 7 3 3 3 3 3 3 3 3 3 5 3 3 3 3 3 3 3 3 3 3 3 3 3 3 3 3 3 3 3 3 3 3 3 5 3 3 3 3 3 3 3 3 3 3 3 3 3 3 3 5 5 5 5 5 5 5 5 5 5 5 5 5 5 5 5 5 5 5 5 5 5 3 3 3 3 3 3 3 3 3 3 3 3 3 3 5 5 5 5 5 5 5 5 5 5 5 5 5 5 5 5 5 5 5 5 3 3 3 3 3 3 3 3 3 3 3 3 3 5 5 5 5 5 5 5 5 5 7 3 3 7 3 3 3 3 3 3 1 1 1 1 1 1 1 1 1 1 1 1 1 3 3 3 3 3 3 3 3 3 3 3 3 3 3 5 5 3 5 5 3 3 
5 3 3 5 5 3 3 5 5 5 3 1 1 1 1 1 1 1 1 1 1 1 1 1 1 1 1 1 1 1 1 1 1 1 7 1 3 3 7 3 5 5 5 3 3 3 3 3 3 3 5 3 3 5 5 5 5 5 5 5 5 5 5 5 5 5 5 5 5 5 5 3 3 5 3 5 5 5 5 3 3 3 7 3 3 3 3 3 3 3 3 3 3 7 5 3 5 3 3 3 3 3 3 3 3 3 3 7 3 3 3 3 3 3 3 3 3 3 5 5 3 3 3 3 3 3 3 3 3 3 3 3 3 3 3 5 5 5 5 5 5 5 5 5 5 5 5 5 5 5 5 5 5 5 5 5 5 3 3 3 3 3 3 3 3 5 5 3 5 5 3 5 5 5 5 5 5 5 5 5 5 5 5 5 5 5 5 5 5 5 3 3 3 3 3 3 3 7 3 3 3 3 3 5 5 3 3 7 7 7 7 7 3 3 3 7 3 3 3 3 3 1 1 1 1 1 1 1 1 1 1 1 7 1 1 3 3 3 3 3 3 3 3 3 3 3 3 5 5 5 5 5 5 5 3 5 
3 5 3 3 5 5 7 5 5 3 3 1 1 1 1 1 1 1 1 1 1 1 1 1 1 1 1 1 1 1 1 1 1 1 7 1 3 3 3 3 3 5 5 3 5 5 5 5 5 3 3 3 3 3 5 5 5 5 5 5 5 5 5 5 5 5 5 5 5 5 5 3 3 5 5 5 5 5 5 5 3 3 7 7 3 3 3 3 3 3 3 3 5 5 3 3 3 3 3 3 3 3 3 3 3 3 3 3 3 3 3 3 3 3 3 3 3 3 3 3 3 3 3 3 3 3 3 3 7 3 3 3 3 3 5 5 5 5 5 5 5 5 5 5 5 5 5 5 5 5 5 5 5 5 5 5 3 3 5 3 3 3 3 3 3 3 5 5 5 5 5 5 5 5 5 5 5 5 5 5 5 5 5 5 5 5 5 5 5 5 3 3 3 3 3 3 3 3 3 3 3 5 5 5 5 5 3 7 3 7 7 7 3 3 3 3 3 3 3 1 1 1 1 1 1 7 1 1 1 1 7 7 1 1 1 3 3 3 3 3 3 3 3 3 3 3 5 5 5 5 5 5 5 5 3 3 
5 5 3 3 5 5 3 3 3 3 1 1 1 1 1 1 1 1 1 1 1 1 1 1 1 1 1 1 1 1 1 1 1 1 1 3 3 3 3 3 5 5 3 3 5 5 5 5 5 5 3 3 3 3 3 5 5 5 5 5 5 5 5 5 5 5 5 5 5 5 5 5 3 3 3 3 5 3 3 3 3 7 3 3 3 3 3 3 3 3 3 3 5 5 3 3 3 3 3 3 3 5 3 3 3 3 3 3 5 3 3 3 3 3 3 3 3 3 3 3 3 3 3 3 1 1 1 1 7 7 3 3 3 3 3 5 5 5 5 5 5 5 5 5 5 5 5 5 5 5 5 5 5 5 5 5 5 3 5 5 3 3 3 3 3 3 5 5 5 5 5 5 5 5 5 5 5 5 5 5 5 5 5 5 5 5 5 5 5 5 3 3 3 3 3 3 3 3 3 3 3 5 5 3 3 3 3 7 7 3 7 7 3 3 7 7 3 1 1 1 1 1 1 1 7 7 7 1 1 7 1 1 1 1 3 3 3 3 3 3 3 3 3 3 3 3 5 5 5 5 5 5 5 5 5 5 
5 5 3 3 5 5 3 3 3 3 1 1 1 1 1 1 1 1 1 1 1 1 1 1 1 1 1 1 1 1 1 1 1 1 1 3 3 3 3 3 3 5 5 5 5 5 5 5 5 5 3 5 3 3 3 3 5 5 5 5 5 5 5 5 5 5 5 5 5 5 5 3 3 3 3 3 3 3 3 3 7 7 7 3 3 3 3 3 3 3 3 3 5 3 3 3 3 3 3 3 3 5 5 5 5 5 5 5 5 5 3 3 3 5 5 3 3 3 3 3 3 3 3 1 1 1 1 1 7 7 3 3 3 3 3 5 5 5 5 5 5 5 5 5 5 5 5 5 5 5 5 5 5 5 5 3 3 3 5 3 3 3 5 3 3 3 3 3 5 5 5 5 5 5 5 5 5 5 5 5 5 5 5 5 5 5 5 5 5 5 3 3 5 3 3 3 3 3 3 3 3 3 3 5 3 3 3 3 3 3 3 3 3 3 1 1 1 1 1 1 1 1 1 1 7 7 1 1 1 1 1 1 1 1 3 3 3 3 3 3 5 3 3 3 3 5 5 5 5 5 5 5 5 5 5 5 
5 5 5 3 3 5 3 3 3 1 1 1 1 1 1 1 1 1 1 1 1 1 1 1 1 1 1 1 1 1 1 1 1 1 3 3 3 3 3 3 7 5 5 5 5 5 5 5 5 5 5 3 3 3 3 5 5 5 5 5 5 5 5 5 5 5 5 5 3 5 5 3 3 3 3 3 3 3 3 3 3 3 3 3 3 3 3 3 3 3 3 3 3 3 3 3 3 3 3 3 5 5 5 5 5 5 5 5 5 5 5 3 3 5 5 5 5 5 5 3 3 3 3 1 1 1 1 7 7 7 7 7 3 5 5 5 5 5 5 5 5 5 5 5 5 5 5 5 5 5 5 5 5 5 3 3 5 5 5 3 3 3 3 5 3 3 3 3 5 5 5 5 5 5 5 5 5 5 5 5 5 5 5 5 5 5 5 5 5 5 5 3 5 3 3 3 3 3 3 5 5 3 5 5 5 3 3 3 3 3 3 3 1 1 1 1 1 1 1 1 1 1 1 1 1 7 7 1 1 1 1 7 7 1 3 3 3 3 3 5 3 3 3 3 5 5 5 5 5 5 5 5 5 5 5 5 
5 5 5 3 5 3 3 3 3 1 1 1 1 1 1 1 1 1 1 1 1 1 1 1 1 1 1 1 1 1 1 1 1 3 3 3 3 3 3 3 3 3 3 3 5 5 3 5 5 5 5 3 3 3 3 3 5 5 5 5 5 5 5 5 5 5 5 3 3 3 5 3 3 3 3 3 3 3 3 3 3 3 3 3 3 3 3 3 3 3 3 3 3 3 3 3 3 3 3 3 3 5 5 5 5 5 5 5 5 5 5 3 3 5 5 5 5 5 5 3 7 3 3 1 1 1 1 7 7 7 3 3 3 5 5 3 5 5 5 5 5 5 5 5 5 5 5 5 5 5 5 5 5 5 3 5 5 5 5 3 5 3 5 3 3 3 3 5 5 5 5 5 5 5 5 5 5 5 5 5 5 5 5 5 5 5 5 5 5 3 5 3 5 3 3 5 3 7 3 3 5 3 5 3 3 3 3 3 3 3 1 1 1 1 1 1 1 1 1 1 1 1 1 1 1 1 7 7 7 7 1 7 7 3 3 3 3 5 5 3 5 5 5 5 5 3 3 3 5 5 5 5 5 5 5 5 
5 3 3 3 5 5 3 3 3 1 1 1 1 1 1 1 1 1 1 1 1 1 1 1 1 1 1 1 1 1 1 1 1 3 3 3 3 3 3 3 3 5 5 5 5 5 3 5 5 3 3 3 3 3 3 3 5 3 5 5 5 5 5 5 5 5 5 3 5 3 3 3 3 3 3 3 3 3 3 3 3 3 3 3 3 3 3 3 3 3 3 3 5 3 3 3 5 5 5 5 5 5 5 5 5 5 5 5 5 5 5 5 5 5 3 3 3 3 3 3 3 3 3 1 1 1 1 1 1 7 7 3 3 3 3 3 5 5 5 5 5 5 5 5 5 5 5 5 5 5 5 3 3 3 5 5 5 5 5 5 5 3 5 5 5 5 3 3 3 5 5 5 5 5 5 5 5 5 5 5 5 5 5 5 5 5 5 5 5 3 3 5 5 3 5 5 5 3 3 5 3 3 5 3 3 3 3 3 3 1 1 1 1 1 1 1 1 1 1 1 1 1 1 1 1 1 7 1 7 1 7 7 7 3 3 5 5 5 5 3 3 5 5 5 5 3 3 3 3 5 5 5 5 5 5 5 
5 3 3 3 5 5 3 3 1 1 1 1 1 1 1 1 1 1 1 1 1 1 1 1 1 1 1 1 1 1 1 1 1 3 3 3 3 3 3 3 5 5 5 5 5 5 3 5 3 5 3 3 3 3 3 3 3 5 3 5 3 5 5 5 5 5 5 5 3 3 3 3 3 3 3 3 3 3 3 3 3 3 3 3 3 3 3 3 3 3 3 3 3 3 3 5 5 5 5 5 5 5 5 5 5 5 5 5 5 5 5 5 5 5 5 3 3 3 3 3 3 3 3 1 1 1 1 1 1 1 3 3 3 3 3 3 5 5 5 5 5 5 5 5 5 5 5 5 3 3 3 5 5 5 3 5 5 5 5 5 5 5 5 5 5 5 3 3 3 5 5 5 5 5 5 5 5 5 5 5 5 5 5 5 3 5 5 3 5 5 3 5 5 5 5 5 5 3 5 3 3 3 3 5 5 3 3 3 1 1 1 1 1 1 1 1 1 1 1 1 1 1 1 1 1 1 7 1 1 1 7 1 7 7 7 5 3 5 3 3 5 5 5 5 5 3 3 3 3 3 3 3 5 5 5 5 
3 3 3 3 3 3 3 3 1 1 1 1 1 1 1 1 1 1 1 1 1 1 1 1 1 1 1 1 1 1 1 1 3 3 3 3 3 3 3 5 5 5 5 5 5 5 5 5 5 5 5 3 5 3 3 5 5 3 3 3 3 5 5 5 5 5 5 5 5 3 3 3 3 3 3 3 3 3 3 3 3 3 3 3 3 5 3 3 5 5 3 3 3 3 3 5 5 5 5 5 5 5 5 5 5 5 5 5 5 5 5 5 5 5 5 3 3 3 3 3 3 3 3 1 1 1 1 1 1 1 3 3 3 3 3 3 3 3 3 5 5 5 5 5 5 5 5 3 5 3 3 3 3 3 5 5 5 5 5 5 5 5 5 5 5 5 3 5 5 5 5 5 5 5 5 5 5 5 5 5 5 5 5 3 3 3 5 5 5 5 5 5 5 5 5 5 5 5 3 5 3 3 3 3 3 3 3 1 1 1 1 1 1 1 1 1 1 1 1 1 1 1 1 1 1 1 1 1 1 1 7 3 7 5 7 3 3 3 3 3 3 3 5 5 5 3 3 3 3 3 5 5 3 3 3 5 
5 3 3 3 3 3 3 1 1 1 1 1 1 1 1 1 1 1 1 1 1 1 1 1 1 1 1 1 1 1 1 1 3 3 3 3 3 3 3 5 5 5 5 5 5 5 5 5 5 5 5 5 5 5 3 5 5 3 3 3 3 5 5 5 5 5 5 5 5 3 3 3 5 5 3 5 3 3 3 3 3 3 3 3 3 5 3 3 3 3 5 5 5 3 3 5 5 5 5 5 5 5 5 5 5 5 5 5 5 5 5 5 5 5 5 5 3 3 3 3 3 3 3 3 1 1 1 1 1 1 3 3 3 3 3 3 3 3 3 3 5 3 5 5 5 5 5 3 3 3 3 3 5 5 3 5 5 5 5 5 5 5 5 5 5 5 3 5 3 3 5 5 5 5 5 5 5 5 5 5 5 5 5 3 5 3 5 5 5 5 5 5 5 5 5 5 5 5 5 5 5 3 3 3 3 3 1 1 1 1 1 1 1 1 1 1 1 1 1 1 1 1 1 1 1 1 1 1 1 3 3 3 3 5 5 5 5 5 3 3 3 3 5 5 5 5 3 3 3 3 5 3 3 3 3 5 
5 5 5 5 3 3 3 1 1 1 1 1 1 1 1 1 1 1 1 1 1 1 1 1 1 1 1 1 1 1 1 3 3 3 3 3 3 5 5 5 5 5 5 5 5 5 5 5 5 5 5 5 5 5 5 3 5 3 3 3 3 5 5 5 5 5 5 5 5 3 3 5 3 5 3 5 3 3 3 3 5 3 5 3 5 5 3 5 5 5 5 5 5 5 3 5 5 5 5 5 5 5 5 5 5 5 5 5 5 5 5 5 5 5 5 3 3 3 3 3 3 5 3 3 1 1 1 1 1 1 3 3 3 3 3 3 3 3 3 5 5 3 5 5 5 5 5 5 3 3 3 3 3 3 3 3 3 5 3 3 3 5 3 5 5 5 3 5 5 3 3 5 5 5 5 5 5 3 5 5 5 5 3 3 5 5 5 5 5 5 5 5 5 5 5 5 5 5 5 3 3 3 3 3 3 3 1 1 1 1 1 1 1 1 1 1 1 1 1 1 1 1 1 1 1 1 1 1 3 3 3 3 5 5 5 5 5 5 5 5 3 5 5 5 5 3 3 3 3 5 5 5 5 3 5 5 
5 3 5 5 3 3 3 1 1 1 1 1 1 1 1 1 1 1 1 1 1 1 1 1 1 1 1 1 1 1 1 3 3 3 3 3 3 5 5 5 5 5 5 5 5 5 5 5 5 5 5 5 5 5 5 3 3 3 3 3 5 5 5 5 5 5 5 5 5 3 3 5 3 3 3 3 3 3 3 3 5 5 5 5 3 5 3 5 5 5 5 5 5 3 5 5 5 5 5 5 5 5 5 5 5 5 5 5 5 5 5 5 5 5 5 5 3 3 3 3 3 3 3 3 3 1 1 1 1 1 3 3 3 3 3 3 3 3 3 3 5 3 3 3 3 3 5 5 5 3 5 5 5 5 3 3 5 5 5 3 3 5 5 5 3 5 3 5 5 3 3 3 3 3 5 5 5 3 5 5 5 5 3 3 5 5 5 5 5 5 5 5 5 5 5 5 5 5 5 3 3 3 3 3 3 1 1 1 1 1 1 1 1 1 1 1 1 1 1 1 1 1 1 1 1 1 3 3 3 3 3 3 5 5 5 5 5 5 5 5 5 5 5 5 5 3 3 5 5 5 5 5 5 5 3 5 
3 3 5 5 5 3 1 1 1 1 1 1 1 1 1 1 1 1 1 1 1 1 1 1 1 1 1 1 1 1 3 3 3 3 3 3 3 3 5 5 5 5 5 5 5 5 5 5 5 5 5 5 5 5 3 3 3 3 3 3 5 5 5 5 5 5 5 5 3 3 3 3 3 3 3 3 5 5 5 5 5 5 3 3 5 5 5 5 5 5 5 5 5 5 3 3 5 5 5 5 5 5 5 5 5 5 5 5 5 5 5 5 5 5 5 5 5 3 3 3 5 3 3 3 3 3 1 1 1 3 3 3 3 3 3 3 3 3 3 3 3 3 3 5 3 3 3 3 3 3 3 5 5 3 3 3 3 5 5 5 3 3 5 5 5 5 3 3 3 3 3 3 3 3 3 5 5 5 5 5 5 5 3 3 5 5 5 5 5 5 5 5 5 5 5 5 5 5 5 3 3 3 3 3 1 1 1 1 1 1 1 1 1 7 1 1 1 1 1 1 1 1 1 1 1 3 3 3 3 3 3 5 5 5 5 5 5 5 5 5 5 5 5 5 5 3 5 5 5 5 5 5 5 5 5 3 
3 3 5 5 3 3 1 1 1 1 1 7 1 1 1 1 1 1 1 1 1 1 7 7 1 1 1 1 1 1 3 3 3 3 3 3 3 5 5 3 5 5 5 5 5 5 5 5 5 5 5 5 5 5 5 5 3 3 5 3 5 5 5 5 5 5 5 5 3 3 3 3 3 5 3 5 5 5 5 5 5 5 5 5 3 5 5 5 5 5 5 5 5 5 3 5 5 5 5 5 5 5 5 5 5 5 5 5 5 5 5 5 5 5 3 5 5 3 3 5 3 3 3 3 3 3 3 3 3 3 3 3 3 3 3 3 3 3 7 5 5 3 5 5 5 5 5 3 3 3 5 5 5 5 5 3 5 5 5 5 3 3 3 5 5 3 3 3 3 3 3 3 3 3 3 3 5 5 5 5 5 3 5 3 5 5 5 5 5 5 5 5 5 5 5 5 5 5 3 3 3 3 3 3 1 1 1 1 1 1 1 1 1 1 1 1 1 1 1 1 1 1 1 1 3 3 3 3 3 5 5 5 3 5 3 5 5 5 5 5 5 5 5 5 3 5 3 5 5 5 5 5 5 3 3 3 
3 3 5 5 3 3 1 1 1 1 1 1 1 1 1 1 1 1 1 1 1 1 1 1 1 1 1 1 1 3 3 3 3 3 3 3 3 5 3 5 5 5 5 5 5 5 5 5 5 5 5 5 5 5 3 3 3 3 5 5 5 5 5 5 5 3 3 3 3 3 3 3 5 5 5 5 5 5 5 5 3 3 3 3 3 5 5 5 5 5 5 5 5 3 3 5 5 5 5 5 5 5 5 5 5 5 5 5 5 5 5 5 5 5 3 3 3 3 3 3 3 3 3 3 3 3 3 3 3 3 3 3 3 3 3 3 5 3 3 3 5 5 5 5 5 3 3 3 5 5 5 5 5 5 5 5 3 5 5 5 5 3 5 3 3 3 3 3 3 3 3 3 3 3 5 3 5 5 5 5 3 3 3 5 5 5 5 5 5 5 5 5 5 5 5 5 5 3 3 7 3 3 3 1 1 1 1 1 1 1 1 1 1 1 1 1 1 1 1 1 1 1 3 3 3 3 3 3 3 5 5 3 5 3 3 5 5 5 5 5 5 5 5 5 3 3 3 5 5 5 5 5 5 5 3 3 
3 3 5 3 3 1 1 1 1 1 1 1 1 1 1 1 1 1 1 1 1 1 1 1 1 1 1 1 1 3 3 3 3 5 3 3 3 5 5 5 5 5 5 5 5 5 5 5 5 5 5 5 5 3 5 3 5 5 5 5 5 5 5 5 5 3 3 3 3 3 3 5 5 5 5 5 5 5 5 5 5 3 3 3 5 5 5 5 5 5 5 5 5 5 3 5 5 5 5 5 5 5 5 5 5 5 5 5 5 5 5 5 5 5 5 3 3 3 5 3 3 3 3 3 3 3 3 3 3 3 3 3 3 3 3 5 3 3 3 3 5 5 3 5 3 3 3 5 3 3 5 5 5 5 5 5 3 5 5 5 5 3 3 5 3 3 3 3 3 3 3 3 3 3 3 5 5 5 5 5 5 3 3 5 5 5 5 5 3 5 3 5 5 5 5 5 5 3 3 3 3 3 1 1 1 1 1 1 1 1 1 7 7 7 7 1 1 1 1 1 1 3 3 3 3 3 3 3 3 5 5 5 3 3 3 5 5 5 5 5 5 5 5 5 3 3 3 5 5 5 5 5 5 5 3 5 
5 3 5 3 3 1 1 1 1 1 1 1 1 1 1 1 1 1 1 1 1 1 1 1 1 1 1 1 3 3 5 3 5 3 3 3 3 3 3 5 5 5 5 5 5 5 5 5 5 5 5 5 5 5 3 3 5 5 5 5 5 3 5 3 3 3 3 3 3 3 5 5 5 5 5 5 5 5 5 5 5 5 3 3 3 5 5 5 5 5 5 5 5 5 3 5 5 5 5 5 5 5 5 5 5 5 5 5 5 5 5 5 5 5 5 3 3 5 5 3 3 3 3 3 3 3 3 3 3 7 3 3 3 3 3 3 3 3 3 3 5 5 3 3 5 3 5 5 3 5 5 5 5 5 5 5 5 3 3 5 5 5 5 5 3 3 3 3 3 7 3 3 3 3 3 7 3 3 3 5 3 3 3 3 5 3 3 5 5 3 5 5 5 5 5 3 3 3 3 3 3 1 1 1 1 1 1 1 1 1 1 7 7 7 7 1 1 1 1 1 3 3 3 5 3 3 3 5 5 5 3 5 3 3 3 5 5 5 5 5 5 5 5 5 5 3 3 5 5 5 5 5 5 5 3 5 
3 3 3 3 3 1 1 1 1 1 1 1 1 1 1 1 1 1 1 1 1 1 1 1 1 7 7 7 3 3 5 5 5 3 3 3 3 3 3 5 5 5 5 5 5 5 5 5 5 5 5 5 5 5 3 3 5 5 5 5 5 5 5 3 3 3 3 3 3 3 3 5 5 5 5 5 5 5 5 5 5 5 5 3 5 5 5 5 5 5 5 5 5 5 3 5 5 5 5 5 5 5 5 5 5 5 5 5 5 5 5 5 5 5 5 3 5 3 3 3 3 3 3 3 3 3 3 3 3 3 3 3 3 3 3 3 3 3 3 3 3 3 3 3 5 3 3 5 5 5 5 5 5 5 5 5 5 5 5 5 5 5 5 5 5 3 3 3 3 3 3 3 3 3 3 3 3 3 3 3 3 3 3 3 3 3 5 3 3 5 5 5 5 3 5 5 5 3 3 3 1 1 1 1 1 1 1 1 1 1 1 1 1 7 7 7 1 1 1 1 3 3 3 5 3 3 3 3 3 3 5 5 3 3 5 5 5 5 5 5 5 5 5 5 5 5 5 5 3 5 5 5 5 5 3 3 
3 3 3 3 1 1 1 1 1 1 1 1 1 1 1 1 1 1 1 1 1 1 1 1 3 3 3 3 3 3 3 5 5 3 3 3 3 3 5 5 5 5 5 5 5 5 5 5 5 5 5 5 5 3 3 3 5 5 5 5 5 5 3 3 3 3 3 3 3 3 5 3 5 5 5 5 5 5 5 5 5 5 5 3 5 5 5 5 5 5 5 5 5 3 3 5 5 5 5 5 5 5 5 5 5 5 5 5 5 5 5 5 5 5 5 3 5 5 5 3 3 3 3 3 3 3 3 3 3 3 3 3 3 3 3 3 3 3 3 3 3 5 5 5 5 3 5 5 5 5 5 5 5 5 5 5 5 5 5 5 5 5 5 5 3 3 3 3 3 3 3 3 3 3 3 3 3 3 3 3 3 3 3 3 3 3 5 3 5 3 3 3 3 5 5 5 5 3 3 1 1 1 1 1 1 1 1 1 1 1 1 1 7 7 7 7 1 1 1 3 3 5 5 5 3 3 3 3 5 3 5 3 3 5 5 5 5 5 5 5 5 5 5 5 5 5 5 5 3 5 5 5 5 5 5 3 
3 3 3 3 1 1 1 1 1 1 1 1 1 1 1 1 1 1 1 1 1 1 3 3 3 3 3 3 3 3 3 3 3 3 3 3 3 3 5 3 5 5 3 5 5 5 5 5 5 5 5 5 5 3 3 3 5 5 5 5 3 3 3 3 3 3 3 3 3 3 5 5 5 5 5 5 5 5 5 5 5 5 5 5 3 3 5 5 5 5 3 5 5 5 5 5 5 5 5 5 5 5 5 5 5 5 5 5 5 3 5 5 3 3 3 3 3 5 3 3 3 3 3 3 3 3 3 3 3 3 3 3 3 3 3 3 3 3 3 7 3 3 5 3 5 5 5 5 5 5 5 5 5 5 5 5 5 5 5 5 5 5 5 5 5 3 5 3 3 3 3 3 3 3 3 3 3 3 3 3 3 3 3 3 3 3 3 3 5 5 5 3 3 5 5 3 3 3 1 1 1 1 1 1 1 1 1 1 1 1 1 7 7 7 7 1 1 1 3 3 3 3 5 5 3 3 3 3 3 5 5 3 3 3 5 5 5 5 5 5 5 5 5 5 5 5 3 3 3 3 5 5 5 5 5 5 
3 3 3 1 1 1 1 1 1 1 1 1 1 1 1 1 1 1 1 1 1 3 3 3 5 3 3 3 3 3 3 3 3 3 3 3 3 3 3 3 5 5 3 5 5 5 5 5 5 5 5 5 5 3 3 5 3 3 3 3 3 3 3 3 3 3 3 3 3 7 5 5 5 5 5 5 5 5 5 5 5 5 5 5 5 3 3 3 5 5 3 5 5 5 5 5 5 5 5 5 5 5 5 5 5 5 5 5 3 3 5 3 5 5 5 3 3 3 3 3 3 3 3 3 3 3 3 3 3 3 3 3 3 3 3 3 3 3 3 3 5 5 3 3 3 5 5 5 5 5 5 5 5 5 5 5 5 5 5 5 5 5 5 5 5 5 5 3 3 3 3 3 3 3 3 3 3 3 3 3 3 3 3 3 3 3 3 3 5 5 5 3 3 3 3 3 1 1 1 1 1 1 1 1 1 1 1 1 1 1 1 1 1 1 7 7 7 3 3 3 3 3 5 5 3 5 3 5 5 5 3 3 5 5 5 5 5 5 5 5 5 5 5 5 5 5 3 5 3 3 3 5 5 5 3 3 
3 3 3 1 1 1 1 1 1 1 1 1 1 1 1 1 1 1 1 3 3 3 3 3 3 5 3 5 5 5 5 3 3 3 3 3 3 3 3 3 3 3 3 5 3 5 5 3 5 5 5 5 5 5 3 5 5 3 3 3 3 3 3 3 3 3 3 3 3 3 7 7 5 5 5 5 5 5 5 5 5 5 5 5 5 5 3 3 5 5 3 5 5 3 3 5 5 5 5 5 5 5 5 5 5 5 5 3 3 5 5 5 5 5 5 5 3 3 3 5 5 3 3 3 3 3 5 3 3 3 3 3 3 3 3 3 3 3 3 3 5 5 3 3 3 3 3 5 5 5 5 5 5 5 5 5 5 5 5 5 5 5 5 5 5 5 5 5 5 5 3 3 3 3 3 3 3 3 3 3 3 3 3 3 3 3 3 3 3 3 3 3 3 3 1 1 1 1 1 1 1 1 1 1 1 1 1 1 1 1 1 1 1 1 1 1 1 3 3 5 3 3 5 3 5 5 5 5 5 5 3 3 3 5 5 5 5 5 5 5 5 5 5 5 5 5 5 5 3 3 3 3 5 5 5 3 
3 3 1 1 1 1 1 1 1 1 1 1 1 1 1 1 1 1 3 3 3 3 3 3 3 5 5 5 5 5 5 3 3 3 3 3 3 3 3 3 3 3 3 5 3 3 3 3 5 5 5 5 5 5 5 3 5 3 3 3 3 3 3 3 7 3 3 3 3 3 3 3 3 3 3 5 3 5 5 5 5 5 5 5 5 5 5 5 3 5 5 5 3 3 5 5 5 5 5 5 5 5 5 5 5 5 3 3 3 5 5 5 5 5 5 5 5 3 5 5 5 5 3 3 3 3 3 3 3 3 3 3 3 3 3 3 3 3 3 3 5 5 3 3 3 3 5 5 5 5 5 5 5 5 5 5 5 5 5 5 5 5 5 5 5 5 5 5 5 5 5 5 3 3 3 3 3 3 3 3 3 3 3 3 3 3 3 3 3 3 1 1 1 1 1 1 1 1 1 1 1 1 1 1 1 1 1 1 1 7 1 1 1 1 1 1 3 3 3 5 3 5 3 3 5 5 5 5 5 5 5 5 5 3 5 5 5 5 5 5 5 5 5 5 5 5 5 5 3 3 3 3 3 5 5 3 
3 1 1 1 1 1 1 1 1 1 1 1 1 1 1 1 1 3 3 3 3 3 3 3 3 5 5 5 5 5 5 5 3 3 3 3 3 3 3 3 3 3 3 3 3 3 3 3 5 5 5 5 5 5 3 5 5 5 3 3 3 3 3 3 3 3 3 3 3 3 3 3 3 3 3 3 3 3 5 5 5 5 5 5 5 3 5 3 3 3 5 5 5 5 5 3 5 5 5 5 5 5 5 5 5 3 5 5 5 5 5 5 5 5 5 5 5 5 5 5 5 5 3 3 3 5 5 5 5 3 3 3 3 3 3 3 3 3 3 3 3 5 5 3 3 5 5 5 5 5 5 5 5 5 5 5 5 5 5 5 5 5 5 5 5 5 5 5 5 5 5 3 3 3 3 3 3 3 3 1 1 1 1 1 1 1 1 1 1 1 1 1 1 1 1 1 1 1 1 1 1 1 1 1 1 1 1 1 1 7 1 1 1 1 1 3 3 3 5 5 5 5 5 5 5 5 5 5 5 5 5 5 5 3 5 5 5 5 5 5 5 5 5 5 5 5 5 5 5 5 5 5 3 3 3 3 
3 1 1 1 1 1 1 1 1 1 1 1 1 1 1 1 3 3 3 3 3 3 3 3 5 5 5 5 5 5 5 5 5 5 5 3 3 5 3 5 5 3 3 3 3 3 3 3 5 5 5 5 5 5 5 5 5 3 3 3 3 3 3 3 3 3 3 3 3 3 3 3 3 3 3 3 3 5 5 5 5 5 5 5 5 5 3 3 3 3 3 3 3 3 5 3 3 5 5 5 5 5 5 5 3 5 5 5 5 5 5 5 5 5 5 5 3 3 5 5 5 3 3 3 3 3 5 5 3 3 3 3 3 3 3 3 3 3 3 3 3 3 3 3 3 3 3 3 3 3 5 5 5 5 3 5 5 5 5 5 5 5 5 5 5 5 5 5 5 5 5 3 3 3 3 3 3 3 1 1 1 1 1 1 1 1 1 1 1 1 1 1 1 1 1 1 7 1 1 1 1 1 1 1 1 1 1 1 7 1 1 1 1 1 1 3 3 5 5 5 5 5 5 5 5 5 5 5 5 5 5 5 5 5 3 3 5 5 5 5 5 5 5 5 5 5 5 3 3 5 5 5 3 3 3 3 
1 1 1 1 1 1 1 1 1 1 1 1 1 1 1 1 3 3 3 3 3 3 3 5 5 5 5 5 5 5 5 5 5 5 5 5 5 5 3 5 5 3 3 3 3 3 3 3 5 5 5 5 5 5 5 3 5 3 3 3 3 3 3 3 3 3 3 3 3 5 3 3 3 3 3 3 5 3 3 5 5 5 5 5 5 5 5 5 3 3 3 3 3 3 3 3 5 5 5 5 5 5 3 3 5 5 5 5 5 5 5 5 5 5 5 5 5 5 5 5 5 5 5 3 3 3 5 5 3 5 3 3 3 3 3 3 3 3 3 3 3 3 3 3 3 3 3 3 5 5 5 5 5 5 5 3 5 5 5 5 5 5 5 5 5 5 5 5 5 5 3 5 3 3 3 3 3 1 1 1 1 1 7 7 7 1 1 1 1 1 1 1 1 1 1 1 1 1 1 7 7 1 1 1 1 1 1 1 7 7 7 1 1 1 3 3 5 5 3 3 5 5 5 5 5 5 5 5 5 5 5 5 5 5 3 3 3 3 5 5 3 5 5 5 3 3 5 3 3 3 3 3 3 3 3 3 
1 1 1 1 1 1 1 1 1 1 1 1 1 1 1 3 3 5 5 3 5 5 5 5 5 5 5 5 5 5 5 5 5 5 5 5 5 5 3 3 3 3 3 3 3 3 3 3 3 3 3 3 5 3 5 5 3 3 3 3 3 3 3 3 3 3 3 3 5 5 5 3 3 3 3 3 3 3 3 3 5 3 5 5 5 3 3 5 3 3 3 3 3 3 3 3 5 3 5 3 3 5 5 5 5 5 5 5 5 5 5 5 5 5 5 5 5 5 3 5 5 5 5 5 5 5 5 5 5 3 3 3 3 3 3 3 3 3 3 3 3 3 3 3 3 3 3 3 3 3 5 5 5 3 3 3 3 5 5 5 5 5 5 5 5 5 3 3 3 3 3 3 3 3 3 3 1 1 1 1 1 1 7 1 1 1 1 1 1 1 1 1 1 1 1 1 1 7 7 7 7 1 1 1 1 1 1 1 1 1 7 1 1 3 3 3 3 3 3 3 3 5 5 5 5 5 5 5 5 5 5 5 5 5 3 3 5 3 3 3 5 3 3 7 3 3 3 3 3 3 5 3 3 3 3 1 
1 1 1 1 1 1 1 1 1 1 1 1 1 1 1 3 3 5 5 5 3 3 5 5 5 5 5 5 5 5 5 5 5 5 5 5 5 5 5 3 3 3 3 3 3 3 3 3 3 3 3 3 5 3 3 3 3 3 3 3 1 1 1 1 3 3 3 3 3 3 3 3 3 3 3 3 3 5 3 3 3 3 3 5 5 3 3 3 3 3 3 3 3 3 3 3 5 3 3 3 3 5 5 5 5 5 5 5 5 5 5 5 5 5 5 5 5 5 5 5 5 5 5 5 5 5 5 5 5 3 3 3 3 3 3 3 3 3 3 3 3 3 3 7 3 3 3 3 3 3 3 5 5 3 3 3 3 5 5 5 5 5 5 5 5 5 5 3 3 3 3 3 5 3 3 3 1 1 1 1 1 7 1 1 1 1 1 1 1 1 1 1 1 1 1 1 7 7 7 7 7 7 1 1 1 1 1 1 1 1 1 1 3 3 3 3 3 3 3 7 3 5 5 5 5 5 5 5 5 5 5 5 5 5 5 3 5 3 5 5 3 3 3 3 3 3 3 3 3 3 3 3 3 3 1 1 
1 1 1 7 1 1 1 1 1 1 1 1 1 1 1 3 3 3 3 5 5 5 5 5 5 5 5 5 5 5 5 5 5 5 5 5 3 5 5 3 3 3 3 3 3 3 3 3 3 3 3 3 3 3 3 3 3 3 1 7 7 1 1 1 1 3 3 3 3 3 3 3 3 3 3 3 5 5 5 5 5 5 5 5 5 3 3 3 3 3 3 3 3 3 3 3 5 3 3 3 3 5 5 5 5 5 5 5 5 5 5 5 5 5 5 5 5 5 5 5 5 5 5 5 5 5 5 5 5 3 3 3 3 3 5 3 3 3 3 3 3 3 3 3 3 3 3 3 3 3 3 3 5 3 3 3 3 5 5 5 5 5 5 5 5 5 3 3 3 3 3 7 3 3 3 3 1 1 1 1 1 7 7 1 1 1 1 1 1 1 1 1 1 1 1 7 7 7 7 1 1 7 7 1 1 1 1 1 1 1 1 1 3 3 5 3 3 3 3 5 5 5 5 5 5 5 5 5 5 5 5 5 5 5 5 5 5 3 3 5 5 3 3 3 3 3 3 3 3 3 3 3 3 1 1 1 
1 1 1 7 1 7 7 1 1 1 1 1 1 1 3 3 5 5 5 5 5 5 5 5 5 5 5 5 5 5 5 5 5 5 5 5 5 5 5 3 3 3 3 3 3 3 3 3 3 3 3 3 3 3 3 3 1 1 7 7 7 7 7 1 1 1 3 3 3 3 3 3 3 3 3 3 5 5 5 5 5 5 5 5 5 5 3 3 3 3 3 3 3 3 3 3 3 3 3 3 3 3 5 5 5 5 5 5 5 5 5 5 5 5 5 5 5 5 5 5 5 5 5 5 5 5 5 5 5 3 3 3 3 3 5 3 5 3 3 3 3 3 3 3 3 3 3 3 3 3 3 5 3 5 3 5 5 5 5 5 5 5 5 5 5 5 3 5 5 5 5 5 3 3 3 1 1 1 1 1 1 1 1 1 1 1 1 1 1 1 1 1 1 1 1 7 7 1 7 7 1 7 7 1 1 1 1 1 1 1 1 3 3 5 5 5 3 5 5 3 5 3 5 5 5 5 5 5 5 5 5 5 5 5 5 5 5 3 3 5 5 5 5 3 3 3 3 3 3 3 3 3 1 1 1 1 
1 1 1 1 7 7 7 1 1 1 1 1 1 1 3 3 3 3 5 5 5 5 5 5 5 5 5 5 5 5 5 5 5 5 5 5 5 5 5 3 3 3 3 3 3 3 3 3 3 3 3 3 3 3 1 1 1 1 7 7 7 7 7 7 7 1 3 3 3 3 3 3 3 5 3 3 3 3 5 5 5 5 5 5 5 3 3 3 3 3 3 3 3 3 3 3 7 3 3 3 3 5 5 5 5 3 5 3 5 5 5 5 5 5 5 5 5 5 5 5 5 5 5 5 5 5 5 5 5 3 3 3 3 3 3 3 5 3 3 3 3 3 3 3 3 3 3 3 3 3 3 3 5 3 3 5 5 5 3 3 5 5 5 5 5 3 3 3 5 5 5 5 3 3 3 1 1 1 1 1 1 1 1 1 1 1 1 1 1 1 1 1 1 1 7 7 7 1 1 1 7 1 1 1 1 1 1 1 1 1 1 3 3 3 5 3 5 5 5 5 5 3 3 3 5 5 5 5 5 5 5 5 5 5 5 5 5 3 3 5 5 5 3 3 3 3 3 3 3 3 1 1 1 1 1 1 
1 7 7 1 1 7 7 1 1 1 1 1 1 1 3 3 3 3 5 5 5 5 5 5 5 5 5 5 5 5 5 5 5 5 5 5 5 5 5 3 3 3 3 3 7 7 7 1 1 1 1 1 1 1 1 1 1 1 1 7 7 7 7 7 7 1 3 3 3 3 3 3 3 5 3 3 3 5 5 5 5 5 5 5 5 5 5 3 3 3 3 3 3 3 3 3 3 3 3 3 5 5 5 5 5 3 3 3 5 3 3 5 5 5 5 5 5 5 5 5 5 5 5 5 5 5 5 5 3 3 3 3 3 5 5 5 5 3 3 3 3 3 3 3 3 3 3 3 3 3 3 3 5 3 3 5 5 5 3 3 5 5 5 5 3 3 5 3 3 5 5 5 3 3 3 1 1 1 1 1 1 1 1 1 1 1 1 1 1 1 1 1 1 7 7 1 7 1 1 1 7 7 1 1 1 1 1 1 1 1 3 3 5 3 5 5 5 5 5 5 5 5 5 3 5 3 5 5 5 5 5 5 5 5 5 5 5 5 3 3 5 3 3 3 7 3 3 3 3 1 1 1 1 1 1 1 
1 1 1 7 7 7 7 1 1 1 1 1 1 1 3 3 5 3 3 5 5 5 5 5 5 5 5 5 5 5 5 5 5 5 5 5 5 5 5 3 3 3 3 3 7 7 7 7 7 7 1 1 1 1 1 1 1 1 1 7 7 7 7 7 1 1 3 3 3 3 3 5 5 5 3 3 5 5 5 5 5 5 5 5 5 5 5 3 3 3 3 7 3 3 3 3 3 3 3 3 5 5 5 5 5 3 3 3 3 3 3 3 3 5 5 5 5 5 5 5 5 5 5 5 5 5 5 5 3 3 3 3 3 3 3 3 5 5 5 3 3 3 3 3 3 3 3 3 3 3 3 5 3 3 3 5 3 5 3 3 3 5 5 5 3 3 3 3 3 5 3 5 3 3 3 3 1 1 1 1 1 1 1 1 1 1 1 1 1 1 1 1 1 7 7 1 1 1 1 1 7 7 7 1 1 1 1 1 1 1 3 3 5 5 5 5 5 5 5 5 5 5 5 3 3 5 5 5 5 5 5 5 5 5 5 5 5 5 3 3 3 5 5 3 3 3 3 3 1 1 1 1 1 1 1 7 
1 1 1 7 7 7 1 1 1 1 1 1 1 1 3 3 5 3 3 3 5 5 5 5 5 5 5 5 5 5 5 5 5 5 5 5 5 5 3 3 3 3 3 3 7 7 7 7 7 1 1 1 1 1 1 1 1 1 1 1 7 1 1 1 1 1 3 3 3 3 5 5 5 5 3 3 5 5 5 5 5 5 5 5 5 5 5 5 3 3 3 3 3 3 3 3 3 3 3 3 5 5 5 5 3 3 3 3 3 3 3 5 5 5 5 5 5 5 5 5 5 5 5 5 5 5 5 3 3 3 3 3 3 3 5 3 5 5 5 5 5 3 3 3 3 3 3 3 3 3 3 5 5 3 3 3 5 3 3 3 5 5 5 7 3 3 3 3 3 3 3 3 3 3 3 3 3 3 3 3 3 1 1 1 1 1 1 1 1 1 1 1 1 1 7 1 1 1 1 1 1 1 1 1 1 1 1 1 1 3 3 3 3 5 3 5 5 5 5 5 5 5 5 5 5 5 5 5 5 5 5 5 5 5 5 3 3 3 3 3 5 5 5 3 3 3 3 1 1 1 1 1 1 1 7 7 
1 7 7 7 1 1 7 7 1 1 1 1 1 1 3 5 5 3 5 5 5 5 5 5 5 5 5 5 5 5 5 5 5 5 5 5 5 5 5 3 3 3 3 3 7 7 7 7 1 1 1 1 1 1 1 1 1 1 1 1 1 1 1 1 1 3 3 3 3 3 5 3 3 3 5 5 5 5 5 5 5 5 5 5 5 5 5 5 3 5 5 3 3 3 3 3 3 3 3 3 5 5 5 5 5 3 3 3 3 3 3 3 3 5 5 5 5 5 5 5 5 5 5 5 5 5 5 3 3 5 3 3 5 5 5 5 5 5 5 5 5 5 5 3 5 3 3 3 3 3 3 5 3 3 3 5 5 3 3 3 3 5 5 3 3 3 3 3 3 3 3 3 3 3 3 3 3 3 3 3 3 3 3 3 3 1 1 1 1 1 1 1 1 1 1 1 1 1 1 1 1 1 1 1 1 1 1 1 1 3 3 3 5 3 3 5 5 5 5 5 5 5 5 3 3 3 3 3 5 5 5 5 5 5 5 3 3 3 5 5 5 5 5 3 3 3 1 1 1 1 1 1 1 1 7 7 
7 7 7 7 7 1 1 1 1 1 1 1 1 3 3 3 3 3 3 5 5 5 5 5 5 5 5 5 5 5 5 5 5 5 5 5 5 5 5 5 3 3 3 3 1 7 7 7 1 1 1 1 1 1 1 1 1 1 1 1 1 1 1 1 1 3 3 3 3 3 5 5 3 3 5 5 5 5 5 5 5 5 5 5 5 5 5 5 5 5 5 5 5 3 3 3 3 3 3 3 5 5 3 5 5 5 5 3 3 3 3 3 5 5 5 5 5 5 5 5 5 5 5 5 5 5 3 5 5 5 5 3 3 3 5 5 5 5 5 5 5 5 5 5 5 5 3 3 3 3 3 5 3 3 3 3 3 3 3 3 3 5 3 3 3 3 3 3 3 3 3 3 3 3 3 3 3 3 3 3 3 3 3 3 3 3 3 1 1 1 1 1 1 1 1 1 1 1 1 1 1 1 1 1 1 1 1 1 3 3 3 3 3 3 3 5 5 5 5 5 5 5 5 5 5 3 3 3 5 5 5 5 5 5 5 5 5 3 7 5 5 3 3 3 3 1 1 1 1 1 1 1 1 1 7 7 
7 7 7 7 7 1 1 1 1 1 1 1 1 3 3 5 3 3 3 5 5 5 5 5 5 5 5 5 5 5 5 5 5 5 5 5 5 5 5 3 3 3 3 3 1 1 1 1 1 1 1 1 1 1 1 1 1 1 1 1 1 1 1 1 3 3 3 3 3 3 3 5 5 5 5 5 5 5 5 5 5 5 5 5 5 5 5 5 5 5 5 5 5 3 3 3 3 3 3 3 5 5 3 5 5 5 5 3 3 3 3 5 5 5 5 5 5 5 5 5 5 5 5 5 5 3 5 5 5 5 5 5 3 3 5 5 5 5 5 5 5 5 5 3 3 3 3 3 3 3 3 3 3 5 5 5 3 3 3 3 3 3 3 3 3 3 3 3 3 5 3 3 3 3 3 3 3 3 3 3 3 3 3 5 5 3 3 3 3 7 7 1 1 1 1 1 1 1 1 1 1 1 1 1 1 1 1 3 3 3 3 3 3 3 3 5 5 5 5 5 5 5 5 5 5 5 5 3 3 3 5 5 5 5 5 3 3 3 5 5 5 3 3 3 1 1 1 1 1 1 1 1 1 7 1 7 
7 7 1 1 7 1 1 1 1 1 1 1 1 3 3 3 3 3 3 3 5 5 5 5 5 5 5 5 5 5 5 5 5 5 5 5 5 5 3 3 3 3 3 3 1 1 1 1 1 1 1 1 1 1 1 1 1 1 1 1 1 1 1 3 3 3 3 3 3 3 3 5 5 5 5 5 5 5 5 5 5 5 5 5 5 5 5 5 5 5 5 5 5 3 3 3 3 3 3 3 3 5 3 5 5 5 5 5 5 5 5 5 5 5 5 5 5 5 5 5 5 5 5 3 3 3 5 5 5 5 5 3 3 3 5 5 5 5 5 3 5 3 3 3 3 3 3 3 5 3 3 3 3 3 5 3 3 3 3 3 3 3 3 3 3 3 3 3 3 3 3 3 3 3 3 3 3 3 3 3 3 5 5 5 3 5 3 3 3 3 7 7 1 1 1 1 1 1 1 1 1 1 1 1 1 3 3 3 3 3 3 3 3 3 3 5 5 3 5 5 5 5 5 5 5 5 3 3 3 3 3 5 3 5 3 5 5 5 3 5 3 3 3 1 1 1 1 1 1 1 1 1 1 7 7 7 
7 7 7 1 7 1 1 1 1 1 1 1 1 3 3 3 3 3 3 3 3 5 5 5 5 5 5 5 5 5 5 5 5 5 5 5 5 5 5 5 3 3 3 3 1 1 1 1 1 1 1 1 1 1 1 1 1 1 1 1 1 1 3 3 3 3 3 3 3 3 5 5 3 5 5 5 5 5 5 5 5 5 5 5 5 5 5 5 5 5 5 5 5 3 3 3 3 3 3 5 3 5 3 5 5 5 5 5 5 5 5 5 5 5 5 5 5 5 5 5 5 5 5 3 3 5 5 5 5 5 5 5 3 5 5 5 5 5 5 5 5 5 3 5 3 3 3 5 5 3 3 3 3 3 5 5 5 3 3 3 3 3 3 3 3 3 3 3 3 3 3 3 3 3 3 3 3 3 3 3 3 3 3 5 5 5 3 5 5 3 3 3 3 3 1 1 1 1 1 1 1 1 3 3 3 3 3 3 3 3 3 3 3 3 3 5 3 3 5 5 5 5 5 5 5 5 3 3 3 3 5 3 3 3 3 3 5 3 3 3 3 3 1 1 1 1 1 1 1 1 1 1 1 1 1 7 
1 7 7 7 7 1 1 1 1 1 1 1 1 3 3 3 3 3 3 3 3 3 5 5 5 5 5 5 5 5 5 5 5 5 5 3 5 3 3 3 3 3 3 3 1 1 1 1 1 1 1 1 1 1 1 1 1 1 1 1 1 3 3 3 3 3 3 3 3 3 5 5 5 5 5 5 5 5 5 5 5 5 5 5 5 5 5 5 5 5 5 3 5 3 5 3 3 3 3 5 5 5 3 3 5 5 5 5 5 5 5 5 5 5 5 5 5 5 5 5 5 5 3 3 3 5 5 5 3 3 3 5 5 3 5 5 5 5 5 5 5 5 5 5 5 3 3 5 5 5 3 5 5 5 5 5 5 5 3 3 3 3 3 3 3 3 3 7 7 7 7 7 3 3 3 3 3 5 5 5 5 5 5 5 5 5 3 3 3 3 3 3 3 3 3 3 3 3 3 3 3 3 3 3 3 3 3 3 3 3 3 3 3 3 3 3 3 3 3 3 5 5 5 5 5 5 3 3 5 3 5 5 3 5 5 5 5 3 3 3 3 1 1 1 1 1 1 1 1 1 1 1 1 1 1 1 
1 1 7 7 1 1 1 1 1 1 1 1 1 3 3 3 3 3 3 3 3 3 5 5 5 5 5 5 5 5 5 5 5 5 5 5 5 5 3 3 3 3 3 3 1 1 1 1 1 1 1 1 1 1 1 1 1 1 1 3 3 3 3 3 3 3 3 3 3 3 3 5 5 5 5 5 5 5 5 5 5 5 5 5 5 5 5 5 5 5 3 5 3 3 5 5 5 5 3 3 3 3 3 5 5 5 5 5 5 5 5 5 5 5 5 5 5 5 5 5 5 5 5 3 5 5 5 3 3 3 3 3 3 3 5 5 5 5 5 5 5 5 5 5 5 5 5 5 5 5 5 5 5 3 5 5 3 3 3 3 3 3 3 3 3 3 3 3 7 7 7 7 7 3 3 3 3 5 5 5 5 5 5 5 5 3 3 3 3 3 3 3 3 3 3 3 3 3 3 3 3 3 3 3 3 3 3 3 3 3 3 3 3 3 3 3 3 3 3 3 3 3 3 3 5 5 3 3 5 5 5 5 5 5 5 5 3 3 3 1 1 1 1 1 1 1 1 1 1 1 1 1 1 1 1 1 
1 1 1 7 1 1 1 1 1 1 1 1 3 3 3 3 3 3 3 3 3 3 5 5 5 5 5 5 5 5 5 5 5 5 5 5 3 3 5 3 3 3 3 3 3 1 1 1 1 1 1 1 1 1 1 1 3 3 3 3 3 3 3 3 3 3 3 3 3 3 3 5 5 5 5 5 3 5 5 5 5 5 5 5 5 5 5 3 3 3 5 5 3 5 3 3 3 5 3 3 3 3 3 3 5 5 5 5 5 5 5 5 5 5 5 5 3 5 3 3 3 3 5 5 5 5 5 3 5 3 3 3 3 5 3 5 5 5 5 5 5 5 5 5 5 5 5 5 5 3 5 5 3 3 5 5 3 3 3 3 3 3 3 3 3 3 3 3 3 7 7 3 3 3 5 5 3 5 5 5 5 5 5 5 5 3 3 3 3 5 5 3 3 3 3 3 3 3 3 3 3 3 3 3 3 3 3 3 3 3 3 3 3 3 3 3 3 3 3 3 3 3 3 3 3 3 3 3 3 3 5 5 5 5 3 3 3 3 1 1 1 1 1 1 1 1 1 1 1 1 1 1 1 1 1 1 
1 1 1 1 1 1 1 1 1 1 1 3 3 3 3 3 3 3 3 3 3 3 5 5 5 5 5 5 5 5 5 5 5 5 5 5 5 5 5 3 3 3 3 3 3 1 1 1 1 1 1 1 1 3 3 3 3 3 3 3 3 3 3 3 3 3 3 3 3 3 3 3 5 5 5 5 5 5 5 5 5 5 5 5 5 5 3 5 5 5 5 5 3 3 3 3 3 3 5 5 5 3 3 3 5 5 5 5 5 5 5 5 5 5 5 5 5 5 3 3 3 3 5 5 5 5 5 3 5 3 3 5 5 5 3 5 5 5 5 5 5 5 5 5 5 5 5 5 5 5 5 3 3 3 3 3 3 3 3 3 3 3 3 3 3 3 3 3 3 3 3 3 3 3 5 5 5 5 5 5 5 5 5 5 5 5 5 3 3 3 3 3 5 3 3 3 3 5 5 3 3 3 3 3 3 3 3 3 3 3 3 3 3 3 3 3 3 3 3 3 3 3 3 3 3 3 3 3 3 3 3 5 3 3 3 3 1 1 1 1 1 1 1 1 1 1 1 1 1 1 1 1 1 1 1 1 
1 1 1 1 1 1 1 1 1 3 3 3 3 3 3 3 3 3 3 3 3 3 3 3 3 5 5 5 5 5 5 5 5 5 5 5 5 5 3 5 3 3 3 3 3 1 1 1 1 1 1 3 3 3 3 3 3 3 3 3 3 3 3 3 3 3 3 3 3 3 3 3 5 5 5 5 5 5 5 5 5 5 5 5 5 3 3 5 5 5 5 5 5 3 3 3 3 5 5 5 5 3 3 3 5 5 3 5 5 5 5 5 5 5 5 5 3 3 5 3 5 5 3 5 5 5 5 3 3 5 3 5 5 5 5 5 5 5 5 5 5 5 5 5 5 5 5 5 5 3 3 5 5 3 3 3 3 3 3 3 3 3 3 3 3 3 3 3 3 3 3 3 3 3 3 5 5 5 5 5 5 5 5 5 5 5 5 5 3 3 5 5 3 5 5 5 5 5 3 3 3 3 3 3 3 3 3 3 3 3 3 3 3 3 3 3 3 3 3 3 3 3 3 3 3 3 3 3 3 3 3 3 3 3 1 1 1 1 1 1 1 1 1 1 1 1 1 1 1 1 1 1 1 1 1 1 
1 1 1 1 1 3 3 3 3 3 3 3 3 3 3 3 3 3 3 3 3 3 3 3 3 5 5 3 5 5 5 5 3 3 5 5 3 3 5 3 3 3 3 3 3 3 3 3 3 3 3 3 3 3 3 3 3 3 3 3 3 3 3 3 3 3 3 3 3 3 3 3 3 5 5 5 3 5 5 5 5 5 5 5 3 3 5 5 5 5 5 5 5 5 3 3 5 5 3 5 5 3 3 5 5 5 3 5 5 5 5 5 5 3 5 3 3 3 3 3 5 5 5 5 5 5 5 5 5 3 3 3 5 3 5 5 5 5 5 5 5 5 5 5 5 5 5 5 5 5 3 5 5 3 3 3 3 3 3 3 3 3 3 3 3 3 3 3 3 3 3 3 3 3 3 3 5 5 5 5 5 5 5 5 5 5 5 5 3 3 5 3 5 5 5 5 5 5 3 5 3 5 3 3 3 3 3 3 3 3 5 3 3 3 3 3 3 3 3 3 3 3 3 3 3 3 3 3 3 3 3 3 1 1 1 1 1 1 1 1 1 1 1 1 1 1 1 1 1 1 1 1 1 1 1 1 
1 3 3 3 3 3 3 3 3 3 3 3 3 3 3 3 3 3 3 3 3 3 3 3 3 3 5 5 5 5 5 5 3 3 3 3 3 3 3 3 3 3 3 3 3 3 3 3 3 3 3 3 3 3 3 3 3 3 3 3 3 3 3 3 3 3 3 3 3 3 3 3 3 5 5 3 3 5 5 5 5 5 5 5 3 3 5 5 5 5 5 5 5 5 3 3 5 3 3 3 3 3 3 3 5 5 5 5 5 5 5 5 5 3 3 5 3 5 5 5 5 5 5 5 5 5 5 5 3 5 3 3 5 3 5 5 5 5 5 5 5 5 5 5 5 5 5 5 5 5 3 3 5 5 3 3 3 3 3 3 3 3 3 3 3 3 3 3 5 3 3 3 3 3 3 5 5 5 5 5 5 5 5 5 5 5 5 5 3 3 3 3 3 3 5 5 5 5 5 5 5 5 3 5 3 3 3 5 5 5 5 5 5 5 5 3 3 3 3 3 3 3 3 3 3 3 3 3 3 3 1 1 1 1 1 1 1 1 1 1 1 1 1 1 1 1 1 1 1 1 1 1 1 1 1 1 
3 3 3 3 3 3 3 3 5 5 3 3 3 3 3 3 3 3 3 3 3 3 3 3 3 5 5 5 5 5 5 3 3 3 3 3 3 3 3 3 3 3 3 3 3 3 3 3 3 3 3 3 5 3 5 3 3 3 3 3 3 3 3 5 5 3 3 3 3 3 3 3 5 5 3 5 5 5 5 5 5 5 5 5 3 3 5 5 5 5 5 5 5 5 3 3 3 3 3 3 3 3 3 5 5 5 5 5 5 5 5 5 5 3 3 3 5 5 5 5 5 5 5 5 5 5 5 5 5 5 5 3 5 5 5 5 5 5 5 5 5 5 5 5 5 5 5 5 5 5 3 5 5 5 3 3 3 7 3 3 3 3 3 3 3 3 3 3 5 5 5 5 5 3 5 3 5 5 5 5 5 5 5 5 5 5 5 5 3 3 3 3 3 3 3 3 5 5 5 5 5 5 3 5 3 3 5 5 5 5 5 5 5 5 3 3 3 3 3 3 3 3 3 3 3 3 3 3 1 1 1 1 1 1 1 1 1 1 1 1 1 1 1 1 1 1 1 1 1 1 1 1 1 1 3 3 
5 5 3 3 3 3 3 3 3 3 3 3 3 3 3 3 3 3 3 3 3 3 3 3 3 5 5 5 5 5 5 3 3 3 3 3 3 3 3 3 3 3 3 3 3 3 3 3 3 3 3 3 5 5 5 3 3 3 3 5 5 3 5 5 5 3 3 3 3 3 3 3 3 3 5 5 5 5 5 5 5 5 5 5 3 3 5 5 5 5 5 5 5 5 3 3 3 3 3 3 3 3 3 3 5 5 5 5 5 5 5 5 5 3 5 5 5 5 5 5 5 5 5 5 5 5 5 5 5 5 3 3 5 5 5 5 5 5 5 5 5 5 5 5 5 5 5 5 5 5 5 5 5 5 3 3 3 3 3 3 3 3 3 3 3 3 3 3 5 3 3 5 5 5 5 3 3 5 5 5 5 5 5 5 5 5 5 5 3 3 3 3 3 3 5 5 5 5 5 5 5 3 5 5 5 5 5 5 5 5 5 5 5 5 5 5 3 3 3 3 3 7 3 3 3 3 3 1 1 1 1 1 1 1 1 1 1 1 1 1 1 1 1 1 1 1 1 1 1 1 1 1 3 3 3 3 
5 3 3 3 3 3 3 3 5 3 3 3 3 3 3 3 3 3 3 3 3 3 3 3 3 5 3 3 5 5 3 3 3 3 3 3 3 3 3 3 3 3 3 3 3 3 3 3 3 3 3 3 3 5 5 5 5 3 3 3 3 5 5 5 5 5 5 3 3 3 3 3 3 3 3 5 5 5 5 5 5 5 5 5 3 3 5 5 5 5 5 5 5 3 3 3 3 3 3 3 3 3 3 3 7 3 3 5 5 5 5 5 5 5 5 5 5 5 5 5 5 5 5 5 5 5 5 5 5 5 3 3 5 5 5 5 5 5 5 5 5 5 5 5 5 5 5 5 5 5 3 5 5 3 3 5 3 3 3 3 3 3 3 3 3 3 3 3 5 5 5 5 5 5 5 3 3 5 5 5 5 5 5 5 5 5 5 5 3 3 3 3 3 3 3 3 3 3 3 5 5 5 5 5 5 5 5 5 5 5 5 5 5 5 3 5 5 5 3 5 5 5 3 3 3 3 1 1 1 1 1 1 1 1 1 1 1 1 1 1 1 1 1 1 1 1 1 1 1 1 1 3 3 3 3 3 
5 5 3 3 3 3 3 3 3 3 3 3 3 3 3 3 3 3 3 3 3 3 3 3 3 3 3 3 3 3 3 3 3 3 3 3 3 3 3 3 3 3 3 3 3 3 3 3 3 3 3 3 3 5 5 5 5 5 5 5 5 5 5 5 5 5 5 5 5 3 3 3 3 3 3 5 5 5 5 5 5 5 5 5 3 3 3 5 5 5 5 5 5 3 3 3 3 3 3 3 3 3 3 3 3 3 3 3 5 5 5 5 5 3 5 5 5 5 5 5 5 5 5 5 5 5 5 5 5 5 3 3 5 5 5 5 5 5 5 5 5 5 5 5 5 5 5 5 5 5 3 3 5 3 3 3 5 3 3 3 3 3 3 3 3 3 5 5 3 5 5 5 5 5 5 5 3 5 3 5 5 5 5 5 5 5 3 5 3 3 3 5 5 5 5 5 5 3 3 5 5 5 5 5 5 5 5 5 5 5 5 5 5 5 5 5 5 3 3 5 5 5 5 3 3 1 1 1 1 1 1 1 1 1 1 7 7 1 1 1 1 1 1 1 1 1 1 1 1 1 3 3 3 3 5 5 
5 5 5 5 3 3 3 3 3 3 3 3 3 3 3 3 3 3 3 3 3 3 3 3 3 3 3 3 3 3 3 3 3 3 3 3 3 3 3 3 3 3 3 3 3 3 3 3 3 3 3 5 3 3 5 5 5 5 5 5 5 5 5 5 5 5 5 5 3 5 5 3 3 3 3 3 3 3 5 3 5 5 5 5 3 3 3 5 5 5 5 5 3 3 3 3 3 3 3 3 3 3 3 3 3 3 3 3 3 5 5 5 5 5 5 5 5 5 5 5 5 5 5 5 5 5 5 5 5 5 3 5 3 5 5 5 5 5 5 5 3 5 5 5 5 5 5 5 5 5 3 3 3 5 3 3 3 3 3 3 3 3 3 3 3 3 3 3 3 5 5 5 5 5 5 5 5 5 5 3 3 5 3 5 5 3 5 5 5 3 5 5 3 3 5 5 5 5 5 5 5 5 5 5 5 5 5 5 5 5 5 5 5 5 5 3 5 5 5 3 5 5 3 3 1 1 1 1 1 1 1 1 1 1 1 1 1 1 1 1 1 1 1 1 1 1 1 1 1 1 3 3 5 5 5 5 
5 5 5 5 5 5 5 5 3 3 3 3 3 3 3 3 3 3 5 5 5 5 3 3 3 3 3 3 3 3 3 3 3 3 3 3 3 3 3 3 3 3 3 3 3 3 3 3 5 3 3 3 3 5 5 5 5 5 5 5 5 5 5 5 5 5 5 5 5 5 5 5 3 3 3 3 3 5 5 5 3 3 5 3 5 3 3 3 3 5 3 3 3 3 3 3 3 3 3 3 3 3 3 3 3 3 3 5 5 5 5 3 5 5 5 5 5 5 5 5 5 5 5 5 5 5 5 5 5 5 5 5 3 5 5 3 5 5 3 3 3 3 5 5 5 5 5 5 5 5 5 3 3 3 3 3 3 3 3 3 3 3 3 3 3 3 3 3 3 3 5 5 5 5 5 5 5 5 5 5 5 5 5 5 5 5 5 5 3 5 5 3 3 3 5 5 5 5 5 5 5 5 5 5 5 5 5 5 5 5 5 5 5 5 3 3 5 5 5 5 3 3 3 3 1 1 1 1 1 1 1 1 1 1 1 1 1 1 1 1 1 1 1 1 1 1 1 1 1 3 3 5 5 5 5 5 
5 5 5 5 5 5 5 5 5 3 3 3 3 3 3 3 3 3 3 5 5 3 3 3 3 3 3 3 3 3 3 3 3 3 3 3 3 3 3 3 3 3 3 3 3 3 3 3 5 5 5 5 5 5 5 5 5 5 5 5 5 5 5 5 5 5 5 5 5 5 5 5 3 3 3 3 3 5 5 3 3 3 5 3 5 5 3 3 3 3 3 3 3 3 3 3 3 3 3 3 3 3 3 3 3 3 3 3 5 3 5 5 5 5 5 5 5 5 5 5 5 5 5 5 5 5 5 5 5 5 5 5 3 5 5 5 5 5 3 3 3 3 5 5 5 5 5 3 3 5 5 5 5 5 3 3 3 3 3 3 3 3 3 3 3 3 3 3 3 3 5 5 5 5 5 5 5 5 5 5 5 5 5 5 5 5 5 3 3 5 5 3 5 5 5 5 5 5 5 5 5 5 5 5 5 5 5 5 5 5 5 5 5 5 3 3 5 5 5 5 5 5 3 7 7 1 1 1 1 1 1 1 1 1 1 1 1 1 1 1 1 1 7 7 1 1 1 1 1 3 5 5 3 3 5 5 
5 5 5 5 5 5 5 5 5 5 5 3 3 3 3 3 5 3 3 5 5 5 3 3 3 3 3 3 3 3 3 3 3 3 3 3 3 3 3 3 3 3 3 3 3 3 3 3 3 3 5 5 5 5 5 5 5 5 5 5 5 5 5 5 5 5 5 5 5 5 5 5 3 3 3 3 3 5 3 3 3 3 5 5 3 5 5 3 3 5 3 3 3 3 3 3 3 3 3 3 3 3 3 3 3 3 3 5 3 5 5 5 5 3 5 5 5 5 5 5 5 5 5 5 5 5 5 5 5 5 5 5 3 3 5 5 5 5 5 3 5 3 3 5 3 3 3 5 3 3 3 3 3 3 3 3 3 3 3 3 3 3 3 3 3 3 3 3 3 3 3 5 5 5 5 5 5 5 5 5 5 5 5 5 5 5 5 3 3 5 3 3 5 5 5 5 5 5 5 5 5 5 5 5 5 5 5 5 5 5 5 5 5 5 5 5 5 5 5 5 5 5 3 3 7 1 1 1 1 1 1 1 1 1 1 1 1 1 1 1 1 1 7 7 1 1 1 1 3 3 5 3 5 5 5 5 
5 5 5 5 5 5 5 5 5 5 5 5 3 3 3 3 5 5 5 5 3 3 3 3 3 3 3 3 3 3 3 3 3 3 3 3 3 3 3 3 3 3 3 3 3 3 3 3 3 5 5 5 5 5 5 5 5 5 5 5 5 5 5 5 5 5 5 5 5 5 5 5 3 3 3 3 3 3 3 3 3 5 5 5 5 5 3 3 3 3 3 3 3 3 3 3 3 3 3 3 3 3 3 3 3 3 3 3 3 3 3 3 3 3 5 5 5 5 5 5 5 5 5 5 5 5 5 5 5 5 5 3 3 5 5 5 5 5 5 5 5 5 5 5 5 5 3 5 3 5 3 3 3 3 3 3 3 3 3 3 3 3 3 3 3 3 3 3 3 3 3 3 5 5 5 5 5 5 5 5 5 5 5 5 5 5 3 5 5 5 5 5 5 5 5 5 5 5 5 5 5 5 5 5 5 5 5 5 5 5 5 5 5 5 3 5 5 5 5 5 5 5 3 3 1 1 1 1 1 1 1 1 1 1 1 1 1 1 1 1 1 1 1 1 1 1 1 1 3 3 3 3 5 5 5 5 
5 5 5 5 5 5 5 5 5 5 5 5 5 5 3 3 5 5 5 5 5 3 3 3 3 3 3 3 3 3 3 3 3 3 3 3 3 3 3 3 3 3 3 3 3 3 3 5 5 5 3 5 5 5 5 5 5 5 5 5 5 5 5 5 5 5 5 5 5 5 5 5 3 3 3 3 3 3 3 3 3 3 3 3 3 3 3 3 3 1 1 1 1 1 1 1 1 1 1 1 1 3 3 3 3 3 3 3 3 3 3 3 3 5 5 5 5 5 5 5 5 5 5 5 5 5 5 5 5 5 5 5 5 5 3 5 5 5 5 5 5 5 3 5 3 5 3 5 5 3 5 3 3 3 3 3 3 3 3 3 3 3 3 3 3 3 3 3 3 3 3 3 5 5 5 5 5 5 5 5 5 5 5 5 5 5 5 5 5 5 5 5 5 5 5 5 5 5 5 5 5 5 5 5 5 5 5 5 5 5 5 5 5 5 5 3 5 5 5 5 5 3 3 3 1 1 1 1 1 1 1 1 1 1 1 1 1 1 1 1 1 1 1 1 1 1 1 3 3 3 3 3 3 3 5 5 
5 5 5 5 5 5 5 5 5 5 5 5 5 5 5 3 3 5 5 5 5 5 3 3 3 3 3 3 3 3 3 3 3 3 3 3 3 3 3 3 3 3 3 3 3 3 3 3 3 5 5 5 5 5 5 5 5 5 5 5 5 5 5 5 5 5 5 5 5 5 3 3 3 3 3 3 3 3 3 3 3 3 3 3 3 1 1 1 7 7 1 7 1 1 1 1 1 1 1 1 1 1 1 3 3 3 3 3 3 3 3 3 3 3 5 5 5 5 5 5 5 5 5 5 5 5 5 5 5 5 5 3 3 3 3 3 5 5 3 3 5 3 7 5 5 3 3 5 5 3 3 3 3 3 3 3 3 3 3 3 3 3 3 3 3 3 3 3 3 3 3 3 5 5 5 5 5 5 5 5 5 5 5 5 5 5 5 5 3 3 5 5 5 5 5 5 5 5 5 5 5 5 5 5 5 5 5 5 5 5 5 5 5 5 5 3 3 3 3 3 5 5 3 3 1 1 1 1 1 1 1 1 1 1 1 1 1 1 1 1 1 1 1 1 1 1 1 3 3 5 3 3 3 5 5 5 
5 5 5 5 5 5 5 5 5 5 5 5 5 5 5 5 5 5 5 5 5 5 5 5 5 5 5 5 3 3 5 3 5 3 3 3 3 3 3 3 3 3 3 3 3 3 3 3 3 3 5 5 5 5 5 5 5 5 5 5 5 5 5 5 5 5 5 5 5 3 3 3 3 3 3 3 3 3 3 3 3 3 1 1 1 1 1 1 1 7 7 1 1 1 1 1 1 1 1 1 1 1 1 1 1 3 3 3 3 3 3 3 3 3 5 5 5 5 5 5 5 5 5 5 5 5 5 5 5 3 3 5 3 3 3 3 3 3 5 3 3 3 5 5 3 3 3 3 3 3 3 3 3 3 3 3 3 3 3 3 3 3 3 3 3 3 3 3 3 3 5 5 5 5 5 5 5 5 5 5 5 5 5 5 5 5 5 5 3 3 5 5 5 5 5 5 5 5 5 5 5 5 5 5 5 5 5 5 5 5 5 5 5 5 3 3 3 3 3 3 3 3 3 3 1 1 1 1 1 1 1 1 1 1 1 1 1 1 1 1 1 1 1 1 1 1 1 3 3 3 5 3 3 3 5 5 
5 5 5 5 5 5 5 5 5 5 5 5 5 5 5 5 3 5 5 5 5 5 5 5 5 5 5 5 5 5 5 5 3 3 3 3 3 3 3 3 3 3 3 3 3 3 3 5 5 5 5 5 5 5 5 5 5 5 5 5 5 5 5 5 5 5 5 5 5 3 3 3 3 3 3 3 3 3 3 3 1 1 1 1 1 1 1 1 1 1 7 7 7 7 1 1 1 1 1 1 1 1 1 1 1 1 3 3 3 3 3 3 3 3 3 5 5 5 5 5 5 5 5 5 5 5 5 5 5 3 3 5 3 3 3 3 3 3 3 3 3 3 3 3 3 3 3 3 3 3 3 3 3 3 3 3 3 3 3 3 3 3 3 3 3 3 3 3 3 3 3 3 5 5 5 5 5 5 5 5 5 5 5 5 5 5 5 3 3 5 3 5 5 5 5 5 5 5 5 5 5 5 5 5 5 5 5 5 5 5 5 5 5 5 3 3 3 3 3 3 3 3 3 3 1 1 1 1 1 1 1 1 1 1 1 1 1 1 1 1 1 1 1 1 1 1 3 3 3 3 3 3 5 5 5 5 
5 5 5 5 5 5 5 5 5 5 5 5 5 5 5 5 3 5 5 5 5 5 5 5 5 5 5 5 5 5 5 5 3 3 3 3 3 3 3 3 3 3 3 3 3 5 5 5 5 5 5 5 5 5 5 5 5 5 5 5 5 5 5 5 5 5 5 5 5 3 3 3 3 3 3 3 3 3 3 1 1 1 1 1 1 1 1 7 1 1 1 1 1 1 1 1 1 1 1 1 1 1 1 1 1 1 1 3 3 3 3 3 3 3 3 3 5 5 5 5 5 5 5 5 5 5 5 5 5 5 3 3 3 3 3 3 3 3 3 3 3 3 3 3 3 3 3 3 3 3 3 3 3 3 3 3 3 3 3 3 5 5 3 5 3 3 3 3 3 3 3 3 3 5 5 5 5 5 5 5 5 5 5 5 5 5 5 5 5 5 5 5 5 5 5 5 5 5 5 5 5 5 5 5 5 5 5 5 5 5 5 5 5 5 3 5 5 5 5 5 3 3 3 3 1 1 1 1 1 1 1 1 1 1 1 1 1 1 1 1 1 1 1 1 1 1 3 3 3 3 3 7 5 5 5 5 
5 5 5 5 5 5 5 5 5 5 5 5 5 5 3 3 3 5 5 5 5 5 5 5 5 5 5 5 5 5 5 3 3 3 5 3 3 3 3 3 3 3 5 5 5 5 5 3 3 3 5 5 5 5 5 5 5 5 5 5 5 5 5 5 5 5 5 5 3 3 3 3 3 3 3 3 3 3 1 1 1 1 1 1 1 1 1 7 1 1 1 7 1 1 1 1 1 1 1 1 1 1 1 1 1 1 1 1 3 3 3 3 3 3 3 3 5 5 5 3 5 3 5 5 5 5 5 5 3 3 3 3 3 3 3 3 3 3 3 3 3 3 3 3 3 3 3 3 3 3 3 3 3 3 3 3 3 3 3 5 5 5 5 5 3 3 3 3 3 3 3 3 3 5 5 5 5 5 5 5 5 5 5 5 5 5 5 5 5 3 5 5 5 5 5 5 5 5 5 5 5 5 5 5 5 5 5 5 5 5 5 5 5 5 5 5 3 3 3 3 3 3 3 3 1 1 1 1 1 1 1 1 1 1 1 1 1 1 1 1 1 1 1 1 1 1 3 3 3 3 3 3 5 5 5 5 
5 5 5 5 5 5 5 5 5 5 5 5 5 5 5 3 5 5 5 5 5 5 5 5 5 5 5 5 5 5 5 3 3 5 5 3 3 5 3 3 3 3 5 5 5 5 3 5 5 5 5 5 5 5 5 5 5 5 5 5 5 5 5 5 5 5 5 5 3 3 3 3 3 3 3 3 3 1 1 1 1 1 1 1 1 1 1 7 1 7 7 7 1 1 1 1 1 1 1 1 1 1 1 1 1 1 1 1 1 3 3 3 3 3 3 3 3 3 5 3 3 3 3 5 3 3 5 3 3 5 3 3 3 3 3 3 3 3 3 3 3 3 3 3 3 3 3 3 3 3 3 3 3 3 3 3 3 3 5 5 5 5 3 5 5 3 3 3 3 3 3 3 3 3 3 5 5 5 5 5 5 5 5 5 5 5 5 5 5 5 3 5 5 5 5 5 5 5 5 5 5 5 5 5 5 5 5 5 5 5 5 5 5 5 5 5 5 3 3 3 3 3 3 3 1 1 1 1 1 1 1 1 1 1 1 1 1 1 1 1 1 1 1 1 1 3 3 3 3 3 3 3 5 5 5 5 
5 5 5 5 5 5 5 5 5 5 5 5 5 3 3 5 5 5 5 5 5 5 5 5 5 5 5 5 5 5 5 5 5 5 5 5 3 5 3 3 3 3 3 5 3 5 3 5 3 3 5 5 5 5 5 5 5 5 5 5 5 5 5 5 5 5 5 5 3 3 3 3 3 3 3 3 3 1 1 1 1 1 1 1 1 1 1 1 1 7 7 7 1 1 1 1 1 1 1 1 1 1 1 1 1 1 1 1 1 1 3 3 3 3 3 3 3 3 5 5 3 3 3 3 3 3 3 7 3 3 3 3 3 3 3 3 3 1 1 1 1 1 1 1 3 3 3 3 3 3 3 3 3 3 5 3 3 5 5 5 5 5 5 5 5 5 3 3 3 3 3 3 3 3 3 5 5 5 5 5 5 5 5 5 5 5 5 5 5 3 5 5 5 5 5 5 5 5 5 5 5 5 5 5 5 5 5 5 5 5 5 5 5 5 5 5 5 5 3 3 3 3 3 3 1 1 1 1 1 1 1 1 1 1 1 1 1 1 1 1 1 1 1 1 1 3 3 3 3 3 3 5 5 5 5 5 
5 5 5 5 5 5 5 5 5 5 5 5 5 3 3 5 5 5 5 5 5 5 5 5 5 5 5 5 5 5 3 5 5 5 5 5 5 5 3 3 3 3 3 5 5 5 5 3 3 5 5 5 5 5 5 5 5 5 5 5 5 5 5 5 5 5 5 5 5 5 3 3 3 3 3 3 1 1 1 1 1 1 1 1 1 1 1 1 7 7 7 7 7 1 1 1 1 1 1 1 1 1 1 1 1 1 1 1 1 1 1 3 3 3 3 3 3 3 3 3 3 3 3 3 3 3 3 3 3 3 3 3 3 3 1 1 1 1 1 1 1 1 1 1 1 1 3 3 3 3 3 3 3 3 3 3 5 5 5 5 5 5 5 5 5 5 5 3 3 3 3 3 3 3 3 3 3 5 5 5 5 5 5 5 5 5 5 5 5 3 3 5 5 5 5 5 5 5 5 5 5 5 5 5 5 5 5 5 5 5 5 5 5 5 5 3 3 5 3 3 3 3 3 3 1 1 1 1 1 1 1 1 1 1 1 1 1 1 1 1 1 1 1 1 1 3 3 3 3 3 3 5 5 5 5 5 
5 5 5 5 5 5 5 5 5 5 5 3 5 5 5 5 5 5 5 5 5 5 5 5 5 5 5 5 3 3 5 5 5 5 5 5 5 5 5 3 3 3 3 5 5 5 5 3 3 5 5 5 5 5 5 5 5 5 5 5 5 5 5 5 5 5 5 5 5 5 5 5 3 3 3 3 1 1 1 7 1 1 1 1 1 1 1 1 1 1 7 7 7 1 1 1 1 1 1 1 1 1 1 1 1 1 1 1 1 1 1 1 1 3 3 3 3 3 3 3 3 3 3 3 3 3 3 3 3 3 3 3 1 1 1 1 1 1 1 1 1 1 1 1 1 1 1 3 3 3 3 3 3 3 3 3 5 5 5 5 5 5 5 5 5 5 5 5 5 3 3 3 3 3 3 3 3 3 5 5 5 5 5 5 5 5 5 5 5 5 3 5 5 5 5 5 5 5 5 5 5 5 3 3 3 3 3 5 5 5 5 5 5 3 3 5 5 3 3 3 3 3 3 3 1 1 1 1 1 1 1 1 1 1 1 1 1 1 1 1 1 1 1 1 1 3 3 3 3 3 3 5 5 5 5 5 
5 5 5 5 5 5 5 5 5 5 5 3 5 5 5 5 5 5 5 5 5 5 5 5 5 5 3 3 3 3 5 5 5 5 5 5 5 5 5 3 3 3 5 5 5 3 3 3 3 3 3 3 3 3 5 3 5 5 5 5 5 5 5 5 5 5 5 5 5 5 5 5 3 3 3 3 1 1 1 1 1 1 1 1 1 1 1 1 1 1 1 7 7 1 1 1 1 1 1 1 1 1 1 1 1 1 1 1 1 1 1 1 1 1 3 3 3 3 3 3 3 3 3 3 3 3 3 3 3 1 1 1 1 1 1 1 1 1 1 1 1 1 1 1 1 1 1 1 3 3 3 3 3 3 3 3 5 5 5 5 5 5 5 5 5 5 5 5 5 3 3 3 3 3 3 3 3 3 3 3 5 5 5 5 5 5 5 5 5 5 3 5 5 5 5 5 5 5 5 5 3 5 3 3 3 3 3 3 5 3 5 5 5 5 5 3 3 3 3 3 3 3 3 3 1 1 1 1 1 1 1 1 1 1 1 1 1 1 1 1 1 1 1 1 3 3 3 3 3 3 3 5 5 5 5 5 
5 5 5 5 5 5 5 5 5 5 3 3 5 5 5 5 5 5 5 5 5 5 5 5 5 3 3 3 3 5 5 5 5 5 5 5 5 5 5 3 3 3 3 5 5 5 3 3 3 3 3 5 3 5 3 5 3 5 5 5 5 5 5 5 5 5 5 5 5 5 5 5 5 5 3 3 1 1 1 1 1 1 1 1 1 1 1 1 1 1 1 1 1 1 1 1 1 1 1 1 1 1 1 1 1 1 1 1 1 1 1 1 1 1 1 1 1 3 3 3 3 3 3 3 3 1 1 1 1 1 1 1 1 1 1 1 7 7 1 1 1 1 1 1 1 1 1 1 3 3 3 3 3 3 3 3 5 5 5 5 5 5 5 5 5 5 5 5 5 5 5 5 5 5 3 3 3 3 3 3 3 5 5 5 5 5 5 5 5 3 3 5 5 5 5 5 5 3 3 3 3 3 3 3 3 3 3 3 3 3 3 3 3 5 5 3 3 3 3 3 3 3 3 3 3 1 1 1 1 1 1 1 1 1 1 1 1 1 1 1 1 1 1 1 3 3 3 3 3 3 5 5 5 5 5 5 
5 5 5 5 5 5 5 5 5 3 3 5 5 5 5 5 5 5 5 3 5 5 5 5 3 3 3 3 5 5 5 5 5 5 5 5 5 5 5 3 3 3 3 3 5 5 3 3 3 5 5 5 5 5 5 5 5 5 5 5 5 5 5 5 5 5 5 5 5 5 5 5 3 5 3 3 1 1 1 1 1 1 1 1 1 1 1 1 1 1 1 1 1 1 1 1 1 1 1 1 1 1 1 1 1 1 1 1 1 1 1 1 1 1 1 1 1 1 1 1 1 1 1 1 1 1 1 1 1 1 1 1 1 1 1 1 1 1 1 1 1 1 1 1 1 1 1 1 1 3 3 3 3 3 5 3 5 5 5 5 5 5 5 5 5 5 5 5 5 5 5 5 5 5 3 3 5 3 3 3 3 3 5 5 5 5 3 3 5 5 3 3 3 3 3 3 3 3 3 3 3 3 3 3 3 3 3 3 3 3 3 3 3 3 3 3 3 3 3 3 3 3 3 3 3 3 1 1 1 1 1 1 1 1 1 1 1 1 1 1 1 1 1 1 3 3 3 3 3 3 3 5 5 5 5 5 
5 5 5 5 5 5 5 5 5 3 3 5 5 5 5 5 5 3 3 3 3 5 5 5 3 3 3 3 5 5 5 5 5 5 5 5 5 5 5 3 3 3 3 3 3 3 3 5 5 5 5 5 5 5 5 5 5 5 5 5 5 5 5 5 5 5 5 5 5 5 5 5 3 5 3 3 1 1 1 1 1 1 1 1 1 1 1 1 1 1 1 1 1 1 1 1 1 1 1 1 1 1 1 1 1 1 1 1 1 1 1 1 1 1 1 1 1 1 1 1 1 1 1 1 1 1 1 1 1 1 1 1 1 1 1 1 1 1 1 1 1 1 1 1 1 1 1 1 1 3 3 3 3 3 5 3 5 5 5 5 5 5 5 5 5 5 5 5 5 5 5 5 5 5 3 3 5 3 3 3 3 5 5 5 3 5 5 3 5 5 3 3 3 3 3 3 3 3 3 3 3 3 3 3 3 3 3 3 3 3 3 3 3 3 3 3 3 3 3 3 3 3 3 3 3 3 3 1 1 1 1 1 1 1 1 1 1 1 1 1 1 1 1 3 3 3 3 3 3 3 3 3 5 5 5 5 
5 5 5 5 5 5 5 3 3 3 3 3 3 5 5 5 5 3 3 3 3 3 3 5 5 3 3 5 5 5 5 5 5 5 5 5 5 5 5 3 3 3 3 3 3 3 5 5 5 5 5 5 5 5 5 5 5 3 5 5 5 5 5 5 5 5 5 5 5 5 5 5 5 3 3 1 1 1 1 1 1 1 1 1 1 1 1 1 1 1 1 1 1 1 1 1 1 1 1 1 1 1 1 1 1 1 1 1 1 1 1 1 1 1 1 1 1 1 1 1 1 1 1 1 1 1 1 1 1 1 1 1 1 1 1 1 1 1 1 1 1 1 1 1 1 1 1 1 1 3 3 5 3 3 3 3 5 5 5 5 5 5 5 5 5 5 5 5 5 5 5 5 5 5 3 5 3 3 3 3 3 3 5 3 3 3 3 3 5 5 3 3 3 3 3 3 3 3 3 3 3 3 3 3 3 3 3 3 3 3 3 3 3 3 3 3 3 3 3 3 3 3 3 3 3 3 3 3 1 1 1 1 1 1 1 1 1 1 1 1 1 3 3 3 3 3 3 3 3 3 3 3 5 3 5 5 
5 5 5 5 5 5 5 5 3 3 3 3 5 3 3 5 5 5 5 5 5 3 5 5 5 5 3 3 5 5 5 5 5 5 5 5 5 5 5 3 3 3 3 3 3 3 5 5 5 5 5 5 5 5 5 5 5 3 5 3 5 5 5 5 5 3 3 5 3 5 5 5 5 3 3 1 1 1 1 1 1 1 1 1 1 1 1 1 1 1 1 1 1 1 1 1 1 1 1 1 1 1 1 1 1 1 1 1 1 1 1 1 1 1 1 1 1 1 1 1 1 1 1 1 1 1 1 1 1 1 1 1 1 1 1 1 1 1 1 1 1 1 1 1 1 1 1 1 1 3 3 5 5 3 5 5 5 5 5 5 5 5 5 5 5 5 5 5 5 5 5 5 5 3 5 5 3 3 3 3 3 5 5 5 3 5 3 3 3 3 3 3 3 3 3 3 3 3 3 3 3 3 3 3 3 3 3 3 3 3 3 3 3 5 5 5 5 3 3 5 3 3 3 3 3 3 3 3 3 3 3 3 3 3 3 3 3 3 3 3 3 3 3 3 3 3 3 3 3 3 3 3 3 3 3 5 
3 3 3 3 5 5 5 5 3 5 5 5 3 5 5 5 5 5 5 5 5 5 5 5 5 5 5 3 3 5 5 5 5 5 5 5 5 5 5 5 3 3 3 3 3 3 5 5 5 5 5 5 5 5 5 5 5 3 5 3 3 5 5 5 3 3 3 3 5 5 3 5 3 3 1 1 1 1 1 1 1 1 1 1 1 1 1 1 1 1 1 1 1 1 1 1 1 1 1 1 1 1 1 1 1 1 1 1 1 1 1 1 1 1 1 1 1 1 1 1 1 1 1 1 1 1 1 1 1 1 1 1 1 1 1 1 1 1 1 1 1 1 1 1 1 1 1 1 1 1 3 5 5 5 3 5 5 5 5 5 5 5 5 5 5 5 5 5 5 5 5 5 5 5 5 5 3 3 3 3 5 5 3 3 3 3 3 3 3 3 3 3 3 3 3 3 3 3 3 3 3 3 3 3 3 3 3 3 5 5 5 5 3 3 5 5 5 5 3 3 3 3 3 3 3 3 3 3 3 3 3 3 3 3 3 3 3 3 3 3 3 3 3 3 3 3 3 3 3 3 3 3 3 3 3 3 
3 3 3 5 5 5 5 3 5 5 5 5 5 5 5 5 5 5 5 5 5 5 5 5 5 5 5 5 3 5 5 5 5 5 5 5 5 5 5 5 5 5 5 3 3 3 5 5 5 5 5 5 5 5 5 5 3 5 5 3 3 5 3 3 5 5 3 3 5 3 3 3 3 3 1 1 1 1 1 1 1 1 1 1 1 1 1 1 1 1 1 1 1 1 1 1 1 1 1 1 1 1 1 1 1 1 1 1 1 1 1 1 1 1 1 1 1 1 1 1 1 1 7 1 1 1 1 1 1 1 1 1 1 1 1 1 1 1 1 1 1 1 1 1 1 1 1 1 1 1 3 3 5 3 3 5 5 5 5 5 5 5 5 5 5 5 5 5 5 5 5 5 5 5 5 5 3 3 3 3 3 5 3 3 3 3 3 3 3 3 3 5 3 3 3 3 3 3 3 3 3 3 3 3 3 3 3 3 5 5 5 5 3 5 5 5 5 5 5 3 3 3 3 3 3 3 3 3 3 3 3 3 3 3 5 5 3 5 3 3 3 3 3 3 3 3 3 3 3 3 3 3 3 3 3 3 
3 3 3 3 5 5 5 3 3 5 5 5 5 5 5 5 5 5 5 5 5 5 5 5 5 5 5 5 5 5 5 5 5 5 5 5 5 5 5 5 5 3 3 3 5 5 5 5 5 5 5 5 5 5 5 5 3 3 3 5 5 3 3 3 3 3 3 3 3 5 3 3 3 1 1 1 1 1 1 1 1 1 1 1 1 1 1 1 1 1 1 1 7 1 1 1 1 1 1 1 1 1 1 1 1 1 1 1 1 1 1 1 1 1 1 1 1 1 1 1 1 1 1 1 1 1 1 1 1 1 1 1 1 1 1 1 1 1 1 1 1 1 1 1 1 1 1 1 1 1 3 3 5 5 3 3 5 5 5 5 5 5 5 5 5 5 5 5 5 5 5 5 5 5 5 5 3 3 3 3 3 3 3 3 3 3 3 3 3 3 3 3 3 3 3 3 3 3 3 3 3 3 3 3 3 3 3 3 5 5 5 5 5 5 5 5 5 5 5 3 3 3 3 3 3 3 3 3 3 3 3 3 3 3 3 3 3 5 3 3 3 3 3 3 3 3 3 3 3 3 3 3 3 3 3 3 
3 3 3 3 3 3 3 3 5 5 5 5 5 5 5 5 5 5 5 5 5 5 5 5 5 5 5 5 5 5 3 3 5 5 5 5 5 5 5 5 5 5 3 3 3 5 5 5 5 5 5 5 5 5 5 5 5 3 3 3 3 3 3 3 3 3 3 3 3 3 3 3 1 1 1 1 1 1 1 1 1 1 1 1 1 1 1 1 1 1 1 1 7 1 1 1 1 1 1 1 1 1 1 1 1 1 1 1 1 1 1 1 1 1 1 1 1 1 1 1 1 1 1 1 1 1 1 1 1 1 1 1 1 1 1 1 1 1 1 1 1 1 1 1 1 1 1 1 1 1 1 3 3 3 3 3 5 5 5 5 5 5 5 5 5 5 5 5 5 5 5 5 5 3 5 5 3 5 3 3 3 3 3 3 3 3 3 3 3 3 3 3 5 5 3 3 3 3 3 3 3 3 3 3 3 3 3 3 5 5 5 5 5 5 5 5 5 5 5 5 7 3 3 3 3 3 3 3 3 3 3 3 3 3 3 3 3 3 3 3 3 3 3 3 3 3 3 3 3 3 3 3 3 3 3 3 
3 3 3 3 3 3 3 3 3 3 3 5 5 5 5 5 5 5 5 5 5 5 5 5 5 5 5 5 5 5 5 5 5 3 5 5 5 5 5 5 5 5 5 3 3 3 3 3 5 5 5 5 5 5 5 5 5 5 3 3 3 3 3 3 3 3 3 3 3 3 3 1 1 1 1 1 1 1 1 1 1 1 1 1 1 1 1 1 1 1 1 1 1 1 1 1 1 1 1 1 1 1 1 1 1 1 1 1 1 1 1 1 1 1 1 1 1 1 1 1 1 1 1 1 1 1 1 1 1 1 1 1 1 1 1 1 1 1 1 1 1 1 1 1 1 1 1 1 1 1 1 3 3 3 3 3 3 3 3 5 5 5 5 5 5 5 3 3 5 5 5 5 5 5 3 5 5 5 3 3 3 3 3 3 3 3 3 3 3 3 3 3 3 3 3 5 3 3 3 3 3 3 3 3 3 3 3 3 5 5 5 5 5 5 5 5 5 5 5 3 3 3 3 5 5 5 3 3 3 3 3 3 3 3 3 3 3 5 3 3 3 3 3 3 3 3 3 3 3 3 3 3 3 3 3 3 
3 3 3 3 3 3 3 3 3 3 3 3 5 3 3 5 5 5 5 5 5 5 5 5 5 5 5 5 5 5 5 5 5 5 5 5 5 5 5 5 5 3 3 3 3 3 3 3 5 5 5 5 5 5 5 5 5 5 5 5 3 3 3 3 3 3 3 3 3 1 1 1 1 1 1 1 1 1 1 1 1 1 1 1 1 1 1 1 1 1 1 1 1 1 1 1 1 1 1 1 1 1 1 1 1 1 1 1 1 1 1 1 1 1 1 1 1 1 1 1 1 1 1 1 1 1 1 1 1 1 1 1 1 1 1 1 1 1 1 1 1 1 1 1 1 1 1 1 1 1 1 1 3 3 3 3 3 3 5 5 5 5 5 5 5 3 3 3 3 3 3 3 5 5 3 3 5 5 3 3 3 3 3 3 3 3 3 3 3 3 3 3 3 3 5 5 5 5 5 5 5 5 3 3 3 3 3 3 5 5 5 5 5 5 5 5 3 5 3 3 5 5 5 5 5 3 5 3 3 3 3 3 3 3 3 3 3 3 5 3 3 3 3 3 3 3 3 3 3 3 3 3 3 3 3 3 
3 3 3 3 3 3 3 3 3 3 3 3 5 5 5 5 5 5 5 5 5 5 5 5 5 5 5 5 5 5 5 3 3 3 3 5 5 5 5 5 5 3 3 3 3 3 3 3 3 3 5 5 5 5 5 5 5 5 5 5 5 3 3 3 3 3 3 3 1 1 1 1 1 1 1 1 1 1 1 1 1 1 1 1 1 1 1 1 1 1 1 1 1 1 1 1 1 1 1 1 1 1 1 1 1 1 1 1 1 1 1 1 1 1 1 1 1 1 1 1 1 1 1 1 1 1 1 1 1 1 1 1 1 1 1 1 1 1 1 1 1 1 1 1 1 1 1 1 1 1 1 1 1 3 3 3 3 3 3 3 5 5 5 5 5 3 3 3 3 3 3 3 3 3 3 3 3 3 3 3 3 1 1 1 1 1 1 1 3 3 3 3 3 3 5 5 5 3 3 5 3 3 3 3 3 3 3 5 5 5 5 5 5 5 5 5 3 3 3 5 5 5 5 5 5 3 5 3 3 3 3 3 5 5 3 3 3 5 5 5 5 5 5 5 3 3 3 3 3 3 3 3 3 3 3 3 
3 3 3 3 3 3 3 3 3 3 3 3 3 5 5 5 5 5 5 5 5 5 5 5 5 5 5 5 5 5 5 5 3 3 3 5 5 5 5 5 5 3 3 3 3 3 3 3 3 3 3 3 5 5 5 5 5 5 5 5 5 5 3 3 3 3 3 1 1 1 1 1 1 1 1 1 1 1 1 1 1 1 1 1 1 1 1 1 1 1 1 1 1 1 1 1 1 1 1 1 1 1 1 1 1 1 1 1 1 1 1 1 1 1 1 1 1 1 1 1 1 1 1 1 1 1 1 1 1 1 1 1 1 1 1 1 1 1 1 1 1 1 1 1 1 1 1 1 1 1 1 1 1 1 3 3 3 3 3 3 3 3 5 5 5 3 3 3 7 3 3 3 3 3 3 3 3 3 1 1 1 1 1 1 1 1 1 1 1 1 3 3 3 3 5 3 3 5 3 3 3 3 3 3 3 3 3 5 3 5 5 5 5 5 5 5 3 3 5 5 5 5 5 5 3 3 3 3 3 3 3 3 5 5 3 5 5 5 5 5 5 5 5 5 5 3 3 3 3 3 3 3 3 3 3 3 
3 3 3 3 3 3 3 3 3 3 3 3 3 3 5 5 5 5 5 5 5 5 5 5 5 5 5 5 5 5 5 3 3 3 5 5 5 5 5 5 5 5 5 3 3 3 3 3 3 3 3 3 5 5 5 5 5 5 5 5 5 5 3 3 3 1 1 1 1 1 1 1 1 1 1 1 1 1 1 1 1 1 1 1 1 1 1 1 1 1 1 1 1 1 1 1 1 1 1 1 1 1 1 1 1 1 1 1 1 1 1 1 1 1 1 1 1 1 1 1 1 1 1 1 1 1 1 1 1 1 1 1 1 1 1 1 1 1 1 1 1 1 1 1 1 1 1 1 1 1 1 1 1 1 1 3 3 3 3 3 5 3 5 5 5 5 3 3 3 3 3 3 3 3 3 1 1 1 1 1 1 1 1 1 1 1 1 1 1 1 3 3 3 3 3 3 3 3 3 3 3 3 3 3 3 3 3 3 5 5 5 5 5 5 5 5 3 5 5 5 5 5 5 5 3 3 3 3 3 3 3 3 3 5 5 5 5 5 5 5 5 5 5 5 5 3 3 3 3 3 3 3 3 3 3 3 
3 3 3 3 3 3 3 3 3 3 3 3 3 5 5 3 5 5 5 5 5 5 5 5 5 5 5 5 5 5 5 3 3 3 5 5 5 5 5 5 5 5 3 3 3 3 3 3 3 3 3 3 5 5 5 5 5 5 5 3 3 5 3 3 1 1 1 1 1 1 1 1 1 1 1 1 1 1 1 1 1 1 1 1 1 1 1 1 3 3 3 3 3 3 3 3 3 3 1 1 1 1 1 1 1 1 1 1 1 1 1 1 1 1 1 1 1 1 1 1 1 1 1 1 1 1 1 1 1 1 1 1 1 1 1 1 1 1 1 1 1 1 1 1 1 1 1 1 1 1 1 1 1 1 1 1 3 3 3 3 3 5 5 5 5 5 3 3 7 3 3 3 1 1 1 1 1 1 1 1 1 1 1 1 1 1 1 1 1 1 1 3 3 3 3 3 3 3 3 3 3 3 5 5 5 5 5 5 5 5 3 5 5 3 3 3 3 3 5 5 5 5 5 5 5 3 3 3 3 3 3 3 5 5 5 5 5 5 5 5 5 5 5 5 5 5 3 3 3 3 3 3 3 3 3 3 
3 3 3 3 3 3 3 3 3 3 3 3 3 3 3 3 3 5 3 3 5 5 5 5 5 5 5 5 5 5 5 3 3 3 3 3 5 5 5 5 5 5 5 5 3 3 3 3 3 3 3 3 3 3 3 3 3 3 3 3 3 3 3 1 1 1 1 1 1 1 1 1 1 1 1 1 1 1 1 1 1 1 1 1 1 3 3 3 3 3 3 3 3 3 3 3 3 3 3 3 3 3 1 1 1 1 1 1 1 1 1 1 1 1 1 1 1 1 1 1 1 1 1 1 1 1 1 1 1 1 1 1 1 1 1 1 1 1 1 1 1 1 1 1 1 1 1 1 1 1 1 1 1 1 1 1 1 1 1 3 3 3 3 3 3 3 3 3 1 1 1 1 1 1 1 1 1 1 1 1 1 1 1 1 1 1 1 1 1 7 7 3 3 3 3 3 3 3 3 5 5 5 3 5 5 5 5 5 5 5 3 5 5 5 3 3 3 5 5 5 5 5 5 5 3 3 3 3 3 3 3 5 5 5 5 5 5 5 5 5 5 5 5 5 5 5 5 3 3 3 3 3 3 3 3 3 
3 3 3 3 3 3 3 3 3 3 3 3 3 3 5 5 5 3 3 3 3 5 5 5 5 5 5 5 5 5 5 3 3 3 3 3 5 5 5 5 5 5 5 5 3 3 3 3 3 3 3 3 3 3 3 3 3 3 3 3 3 3 1 1 1 1 1 1 1 1 1 1 1 1 1 1 1 1 1 1 1 1 3 3 3 3 3 3 3 3 3 3 5 5 3 5 5 5 5 5 3 3 3 3 1 1 1 1 1 1 1 1 1 1 1 1 1 1 1 1 1 1 1 1 1 1 1 1 1 1 1 1 1 1 1 1 1 1 1 1 1 1 1 1 1 1 1 1 1 1 1 1 1 1 1 1 1 1 1 1 1 1 1 1 1 1 1 1 1 1 1 1 1 1 1 1 1 1 1 1 1 1 1 1 1 1 1 1 1 1 3 3 3 3 3 3 3 5 5 5 5 5 5 5 5 5 5 5 5 5 3 3 3 3 3 3 5 5 5 5 5 5 5 5 5 3 3 5 5 5 5 5 5 5 5 5 5 5 5 5 5 5 5 5 5 5 5 5 3 3 3 3 3 3 3 3 
3 3 3 3 3 3 3 3 3 3 3 3 3 3 3 3 3 5 5 3 5 5 5 5 5 5 5 5 5 5 5 5 3 3 3 3 3 5 5 5 5 5 5 5 3 3 3 3 3 3 3 3 3 3 3 3 3 3 3 3 1 1 1 1 1 1 1 1 1 1 1 1 1 1 1 1 1 1 1 1 3 3 3 3 3 3 3 3 3 3 3 3 3 3 3 5 3 3 5 5 5 5 3 3 3 3 1 1 1 1 1 1 1 1 1 1 1 1 1 1 1 1 1 1 1 1 1 1 1 1 1 1 1 1 1 1 1 1 1 1 1 1 1 1 1 1 1 1 1 1 1 1 1 1 1 1 1 1 1 1 1 1 1 1 1 1 1 1 1 1 1 1 1 7 7 7 1 1 1 1 1 1 1 1 1 1 1 1 1 1 3 3 3 3 3 3 3 3 5 5 5 5 5 5 5 5 5 5 5 5 5 5 5 5 3 3 5 5 5 5 5 5 5 5 5 3 3 5 5 5 5 5 5 5 5 5 5 5 5 5 5 5 5 5 5 5 5 3 3 3 3 3 3 3 3 3 
3 3 3 3 3 3 3 3 3 3 3 3 3 3 3 3 3 3 5 5 5 5 5 5 5 5 5 5 5 5 5 5 5 3 3 5 5 5 5 5 5 5 3 5 3 3 3 3 3 3 3 3 3 3 3 3 3 3 1 1 1 1 1 1 1 1 1 1 1 1 1 1 1 1 1 1 1 1 1 3 3 3 3 3 3 3 3 3 3 3 3 3 3 3 3 3 3 3 3 5 5 5 5 5 3 3 3 1 1 1 1 1 1 1 1 1 1 1 1 1 1 1 1 1 1 1 1 1 1 1 1 1 1 1 1 1 1 1 1 1 1 1 1 1 1 1 1 1 1 1 1 1 1 1 1 1 1 1 7 1 1 1 1 1 1 1 1 1 1 1 1 1 1 1 1 7 1 1 1 1 1 1 1 1 1 1 1 1 1 1 3 3 3 3 3 5 5 5 5 5 5 5 5 5 5 5 5 5 5 5 3 3 3 5 5 3 5 5 5 3 5 5 5 5 5 5 3 5 5 5 5 5 5 5 5 5 5 5 5 5 5 5 5 5 5 5 3 3 3 3 3 3 3 3 3 3 
3 3 3 3 3 3 3 3 3 3 3 3 3 3 3 3 3 3 3 5 5 3 3 3 5 5 5 5 5 5 5 5 5 5 5 3 3 5 5 5 5 5 5 5 5 5 3 3 3 3 3 3 3 3 3 1 1 1 1 1 1 1 1 1 1 1 1 1 1 1 1 1 1 1 1 1 1 1 3 3 3 3 3 3 3 3 3 3 3 3 3 3 3 3 3 3 5 5 5 5 5 5 5 3 5 3 3 3 1 1 1 1 1 1 1 1 1 1 1 1 1 1 1 1 1 1 1 1 1 1 1 1 1 1 1 1 1 1 1 1 1 1 1 1 1 1 1 1 1 1 1 1 1 1 1 1 1 1 1 7 1 7 7 1 1 1 1 1 1 1 1 1 1 1 1 7 7 1 1 1 1 1 1 1 1 1 1 1 1 3 3 3 3 3 3 5 5 5 5 5 5 5 5 5 5 5 5 5 5 5 5 5 3 3 3 5 5 3 5 5 5 3 5 3 5 3 5 5 5 5 5 5 5 5 5 5 5 5 5 5 5 5 5 5 5 5 3 3 3 3 3 3 3 3 3 3 
3 5 5 3 3 3 3 3 3 3 3 3 3 3 3 5 5 3 3 3 3 3 3 5 5 5 5 5 5 5 5 5 5 5 5 3 3 5 3 3 3 3 3 3 5 3 3 3 3 3 3 3 1 1 1 1 1 1 1 1 1 1 1 1 1 1 1 1 1 1 1 1 1 1 1 1 1 3 3 3 3 3 3 3 3 3 3 5 5 5 3 3 3 5 5 5 5 5 5 5 5 5 5 3 3 3 3 3 3 1 1 1 1 1 1 1 1 1 1 1 1 1 1 1 1 1 1 1 1 1 1 1 1 1 1 1 1 1 1 1 1 1 1 1 1 1 1 1 1 1 1 1 1 1 1 1 1 1 1 1 1 1 1 1 1 1 1 1 1 1 1 1 1 1 1 1 1 1 1 1 1 1 1 1 1 1 1 1 1 3 3 3 3 3 3 5 5 5 5 5 5 5 5 5 5 5 5 5 5 5 5 5 3 3 5 5 3 5 5 5 5 5 3 3 3 3 3 5 5 5 5 5 5 5 5 5 5 5 5 5 5 5 5 5 5 5 3 3 3 3 3 3 3 3 3 3 
5 3 3 5 3 3 3 3 3 3 3 3 3 3 3 5 5 5 5 3 3 3 3 3 5 5 5 5 5 5 5 5 5 5 5 5 3 3 3 3 3 3 3 3 3 3 3 3 3 3 1 1 1 1 1 1 1 1 1 1 1 1 1 1 1 1 1 1 1 1 1 1 1 1 1 1 3 3 3 3 3 3 3 3 3 5 5 5 5 5 5 5 5 5 5 5 5 5 5 5 5 5 3 5 5 3 3 3 3 3 1 1 1 1 1 1 1 1 1 1 1 1 1 1 1 1 1 1 1 1 1 1 1 1 1 1 1 1 1 1 1 1 1 1 1 1 1 1 1 1 1 1 1 1 1 1 1 1 1 1 1 7 1 1 1 1 1 1 1 1 1 1 1 1 1 1 1 1 1 1 1 1 1 1 1 1 1 1 3 3 3 3 3 3 3 5 5 5 5 5 5 5 5 5 5 5 5 5 5 5 5 3 3 3 3 3 3 3 3 5 5 5 5 3 3 3 3 5 5 5 5 5 5 5 5 5 5 5 5 5 5 5 5 5 5 3 3 5 3 3 5 3 3 3 5 5 
5 5 5 5 3 5 3 3 3 3 3 3 3 3 3 3 3 3 5 5 5 3 3 5 5 5 5 5 5 5 5 5 5 5 5 5 3 3 3 3 3 3 3 3 3 3 3 3 1 1 1 1 1 1 1 1 1 1 1 1 1 1 1 1 1 1 1 1 1 1 1 1 1 1 1 3 3 5 5 5 3 3 3 3 5 5 5 5 5 5 5 5 5 5 5 5 5 5 5 5 5 5 5 5 5 3 3 3 3 3 3 1 1 1 1 1 1 1 1 1 1 1 1 1 1 1 1 1 1 1 1 1 1 1 1 1 1 1 1 1 1 1 1 1 1 1 1 1 1 1 1 1 1 1 1 1 1 1 1 1 1 1 1 1 1 1 1 1 1 1 1 1 1 1 1 1 1 1 1 1 1 1 1 1 1 1 1 1 3 3 3 3 3 3 3 5 5 5 5 5 5 5 5 5 5 5 5 5 5 5 5 3 3 3 3 3 5 3 3 5 5 5 5 5 5 3 3 5 5 5 5 5 5 5 5 5 5 5 5 5 5 5 5 5 5 3 5 5 5 3 5 5 5 5 5 5 
5 5 5 5 5 5 5 3 3 3 3 3 3 3 3 3 3 5 5 3 5 5 5 5 5 5 5 5 5 5 5 5 5 5 5 3 3 3 3 3 3 3 3 3 3 3 3 1 1 1 1 1 1 1 1 1 1 1 1 1 7 1 1 1 1 1 1 1 1 1 1 1 1 1 3 3 5 5 5 5 3 5 5 5 5 5 5 5 5 5 5 5 5 5 5 5 5 5 5 5 5 5 5 5 3 3 3 3 3 3 3 3 1 1 1 1 1 1 1 1 1 1 1 1 1 1 1 1 1 1 1 1 1 1 1 1 1 1 1 1 1 1 1 1 1 1 1 1 1 1 1 1 1 1 1 1 7 7 1 1 1 1 1 1 1 1 1 1 1 1 1 1 1 1 1 1 1 1 1 1 1 1 1 1 1 1 1 3 3 3 3 3 3 3 3 5 5 5 5 5 5 5 5 5 5 5 5 5 5 5 5 3 3 3 3 3 5 3 3 5 5 5 5 5 5 3 3 5 5 5 5 5 5 5 5 5 5 5 5 5 5 5 5 5 3 3 5 5 5 5 5 5 5 5 5 5 
5 5 5 3 3 5 5 3 3 3 3 3 3 3 3 3 3 3 3 3 3 3 3 5 5 5 5 5 5 5 5 5 3 3 5 5 3 3 3 3 3 5 3 3 3 3 1 1 1 1 1 1 1 1 1 1 1 1 1 1 1 1 1 1 1 1 1 1 1 1 1 1 1 1 3 3 5 5 5 5 5 5 5 5 5 5 5 5 5 5 5 5 5 5 5 5 5 5 5 5 5 5 5 5 5 3 3 3 3 3 3 3 1 1 1 1 1 1 1 1 1 1 1 1 1 1 1 1 1 1 1 1 1 1 1 1 1 1 1 1 1 1 1 1 1 1 1 1 1 1 7 7 1 1 1 1 7 1 1 1 1 1 1 1 1 1 1 1 1 1 1 1 1 1 1 1 1 1 1 1 1 1 1 1 1 1 1 3 3 3 3 3 3 3 5 5 5 5 5 5 5 5 5 5 5 5 5 5 5 5 5 3 3 3 3 5 5 3 3 3 5 3 5 5 5 3 3 5 5 5 5 5 5 5 5 5 5 5 5 5 5 5 5 3 3 5 5 5 5 5 5 5 5 5 5 5 
5 5 5 3 5 5 5 3 3 3 3 3 3 3 3 3 3 3 3 3 3 3 3 3 5 5 5 5 5 5 3 3 3 5 5 5 5 3 3 3 3 5 3 3 3 1 1 1 1 1 1 1 1 1 1 1 1 1 1 1 1 1 1 1 1 1 1 1 1 1 1 1 1 3 3 5 5 5 5 5 5 5 5 5 5 5 5 5 5 5 5 5 5 5 5 5 5 5 5 5 5 5 5 5 5 5 5 5 3 3 3 3 3 1 1 1 1 1 1 1 1 1 1 1 1 1 1 1 1 1 1 1 1 1 1 1 1 1 1 1 1 1 1 1 1 1 1 1 1 1 1 1 1 1 1 1 1 1 1 1 1 1 1 7 7 7 1 1 1 1 1 1 1 1 1 1 1 1 1 1 1 1 1 1 1 1 1 3 3 3 3 3 5 5 5 5 5 5 5 5 5 5 5 5 5 5 5 5 5 5 5 3 3 3 5 5 5 5 5 3 3 3 5 5 5 5 3 5 5 5 5 5 5 5 5 5 5 5 5 5 5 5 5 5 5 5 5 5 5 5 5 5 5 5 5 5 
5 5 5 3 3 5 5 3 3 3 3 3 3 3 3 3 5 3 3 3 3 3 3 3 3 5 5 5 5 5 3 3 3 3 5 5 3 3 3 3 5 5 3 3 3 1 1 1 1 1 1 1 1 1 1 1 1 1 1 1 1 1 1 1 1 1 1 1 1 1 1 1 1 3 3 3 3 3 5 5 5 5 5 5 5 5 5 5 5 5 5 5 5 5 5 5 5 5 5 5 5 5 5 5 5 5 5 5 5 5 3 3 3 1 1 1 1 1 1 1 1 1 1 1 1 1 1 1 1 1 1 1 1 1 1 1 1 1 1 1 1 1 1 1 1 1 1 1 1 1 1 3 3 3 3 3 3 3 3 3 3 1 1 1 7 7 1 1 1 1 1 1 1 1 1 1 1 1 1 1 1 1 1 1 1 1 1 3 3 3 3 3 3 5 5 5 5 5 5 5 5 5 5 5 5 5 5 5 5 5 3 5 5 3 5 5 5 5 3 3 3 5 5 5 3 3 3 3 3 5 5 5 5 5 5 5 5 5 5 5 5 5 5 5 5 5 5 5 5 5 5 5 5 5 5 5 
5 5 5 5 5 5 3 3 3 3 3 3 3 3 3 3 5 5 5 5 3 3 5 5 5 5 3 3 3 3 3 3 5 3 3 3 3 3 3 3 5 3 3 3 1 1 1 1 1 1 1 1 1 1 1 1 1 1 1 1 1 1 1 1 1 1 1 1 1 1 1 1 3 3 3 3 5 5 3 5 5 5 5 5 5 5 5 5 5 5 5 5 5 5 5 5 5 5 5 5 5 5 5 5 5 5 5 5 3 3 3 3 3 1 1 1 1 1 1 1 1 1 1 1 1 1 1 1 1 1 1 1 1 1 1 1 1 7 7 1 1 1 1 1 1 1 1 1 1 3 3 3 3 3 3 3 3 3 3 3 3 3 3 7 7 7 1 1 1 1 1 1 1 1 1 1 1 1 1 1 1 1 1 1 1 1 3 3 3 3 3 3 3 3 5 5 5 5 5 5 5 5 5 5 5 5 5 5 5 3 5 5 5 5 5 5 3 5 3 3 3 3 3 3 3 3 3 3 3 3 5 5 5 5 5 5 5 5 5 5 5 5 5 5 5 5 5 5 5 5 5 5 5 5 5 5 
5 5 5 5 5 3 3 3 3 3 3 3 3 3 3 3 5 5 5 5 5 5 5 5 5 5 5 5 3 3 3 3 3 3 3 3 3 3 3 3 3 3 3 3 1 1 1 1 1 7 1 1 1 1 1 1 1 1 1 1 1 1 1 1 1 1 1 1 1 1 1 1 3 3 5 3 3 3 5 5 5 5 5 5 5 5 5 5 5 5 5 5 5 5 5 5 5 5 5 5 5 5 5 5 5 5 5 5 5 5 3 3 3 1 1 1 1 1 1 1 1 1 1 1 1 1 1 1 1 1 1 1 1 1 1 1 1 7 7 1 7 1 1 1 1 1 1 3 3 3 3 3 3 3 3 3 3 3 3 3 3 3 3 3 3 3 1 1 1 1 1 1 1 1 1 1 1 1 1 1 1 1 1 1 1 1 3 3 3 3 3 3 3 3 5 5 5 5 5 5 5 5 5 5 5 3 3 3 3 5 5 5 5 5 5 5 5 5 3 3 3 3 3 3 3 3 3 3 3 5 5 3 5 5 5 5 3 5 3 5 5 5 5 5 5 5 5 5 5 5 5 5 5 5 5 5 
5 5 5 5 3 3 3 3 3 3 3 3 3 5 5 5 5 5 5 5 5 5 5 5 5 5 5 5 5 3 3 5 5 3 5 3 3 3 3 3 3 3 3 3 1 1 1 1 1 7 7 1 1 1 1 1 1 1 1 1 1 1 1 1 1 1 1 1 1 1 1 1 3 3 3 5 3 5 5 5 5 5 5 5 5 5 5 5 5 5 5 5 5 5 5 5 5 5 5 5 5 5 5 5 5 5 5 5 5 3 3 3 3 1 1 1 1 1 1 1 1 1 1 1 1 1 1 1 1 1 1 1 1 1 1 1 1 1 1 7 7 1 1 1 1 1 3 3 3 5 3 5 5 5 3 3 5 5 3 5 3 5 5 5 3 3 3 3 1 1 1 1 1 1 1 1 1 1 1 1 1 1 1 1 1 1 3 3 3 3 3 3 3 5 5 5 5 5 5 5 5 5 5 5 3 3 3 5 5 5 5 5 5 5 5 5 5 3 3 3 3 3 3 3 3 3 3 3 3 3 3 3 5 5 5 5 3 3 5 5 5 5 5 5 5 5 5 5 5 5 5 5 5 5 5 5 
5 5 5 5 5 3 3 3 3 3 3 3 3 3 5 3 5 5 5 5 5 5 5 5 5 5 5 5 5 5 5 5 5 5 5 5 5 3 3 3 3 3 3 3 1 1 1 1 1 1 1 1 1 7 7 1 1 1 1 1 1 1 1 1 1 1 1 1 1 1 1 3 3 5 5 5 3 5 5 5 5 5 5 5 5 5 5 5 5 5 5 5 5 5 5 5 5 5 5 5 5 5 5 5 5 5 5 5 5 3 3 3 3 3 1 1 1 1 1 1 1 1 1 1 1 1 1 1 1 1 1 1 1 1 1 1 1 1 1 1 7 1 1 1 1 3 3 5 5 5 5 5 5 5 5 5 5 5 5 5 5 5 5 3 3 3 3 3 3 3 3 1 1 1 1 1 1 1 1 1 1 1 1 1 1 1 3 3 3 3 5 3 5 5 5 5 5 5 5 5 5 5 3 3 5 5 5 5 5 5 5 5 5 5 5 5 5 5 3 3 3 3 3 3 3 3 3 3 3 3 3 5 5 5 5 5 3 5 5 5 5 5 5 5 5 5 5 5 5 5 5 5 5 5 5 5 
5 5 5 5 5 3 3 3 3 3 3 3 3 5 5 5 5 5 5 5 5 5 5 5 5 5 5 5 5 5 5 5 5 5 5 5 5 3 3 3 3 3 3 3 1 1 1 1 1 7 7 1 7 7 1 1 1 1 1 1 1 1 1 1 1 1 1 1 1 1 1 3 3 3 5 5 5 5 5 5 5 5 5 5 5 5 5 5 5 5 5 5 5 5 5 5 5 5 5 5 5 5 5 5 5 5 5 5 3 3 3 3 3 1 1 1 1 1 1 1 1 1 1 1 1 1 1 1 1 1 1 1 1 1 1 1 1 1 1 7 1 1 1 1 1 3 3 5 3 3 3 5 5 5 5 5 5 5 5 5 5 5 5 3 3 3 3 3 3 3 3 3 1 1 1 1 1 1 1 1 1 1 1 1 1 3 3 3 3 3 5 5 5 3 5 5 5 5 5 5 3 3 3 3 5 5 5 5 5 5 5 5 5 5 5 5 5 5 5 3 3 3 3 3 3 3 3 3 3 3 3 5 3 5 3 3 5 5 5 5 5 5 5 5 5 5 5 5 5 5 5 5 5 5 5 5 
5 5 5 5 5 3 3 3 3 3 3 3 3 3 5 5 5 5 5 5 5 5 5 5 5 5 5 5 5 5 5 5 5 5 5 5 5 5 3 3 3 3 3 3 1 1 1 1 7 7 7 7 1 1 1 1 1 1 1 1 1 1 1 1 1 1 1 1 1 1 1 3 3 3 3 3 5 5 5 5 5 5 5 5 5 5 5 5 5 5 5 5 5 5 5 5 5 5 5 5 5 5 5 5 5 5 5 5 3 3 3 3 3 1 1 1 1 1 1 1 1 1 1 1 1 1 1 1 1 1 1 1 1 1 1 1 1 7 1 7 7 1 1 1 3 3 5 5 3 5 5 5 5 5 5 5 5 5 5 5 5 5 5 3 3 3 3 3 3 3 3 3 3 3 1 1 1 1 1 1 1 1 1 1 3 3 3 3 3 3 5 5 3 5 5 5 5 5 5 3 3 3 3 5 5 5 5 5 5 5 5 5 5 5 5 5 5 5 3 3 3 3 3 3 3 3 3 3 3 3 3 3 5 5 3 3 5 3 5 5 5 5 5 5 5 5 5 5 5 5 5 5 5 5 5 5 
5 5 5 5 5 3 3 3 3 3 3 3 3 5 5 5 5 5 5 5 5 5 5 5 5 5 5 5 5 5 5 5 5 5 5 5 5 5 5 3 3 3 3 3 1 1 1 1 7 1 1 1 1 1 1 1 1 1 1 1 1 1 1 1 1 1 1 1 1 1 1 3 3 3 3 3 3 3 5 5 5 5 5 5 5 5 5 5 5 5 5 5 5 5 5 5 5 5 5 5 5 5 5 5 5 5 5 5 3 5 5 3 3 1 1 1 1 1 1 1 1 1 1 1 1 1 1 1 1 1 1 1 1 1 1 1 7 7 7 7 1 1 1 3 3 3 3 3 3 3 3 5 5 5 5 5 5 5 5 5 5 5 5 5 5 3 3 3 3 3 3 3 3 3 3 3 3 1 1 1 1 1 1 3 3 3 3 3 3 3 3 3 3 5 5 5 5 5 3 5 3 3 5 5 5 5 5 5 5 5 5 5 5 5 5 5 5 5 3 3 3 3 3 3 3 3 3 3 3 3 3 3 3 3 3 3 5 3 3 5 5 5 5 5 5 5 5 5 5 5 5 5 5 5 5 5 
5 5 5 5 5 5 5 3 3 3 3 3 3 3 3 5 5 5 5 5 5 5 5 5 5 5 5 5 5 5 5 5 5 5 5 5 5 5 5 3 3 3 3 1 1 1 1 1 1 1 7 1 1 1 1 1 1 1 1 1 1 1 1 1 1 1 1 1 1 1 1 3 3 3 3 3 3 5 5 5 5 5 5 5 5 5 5 5 5 5 5 5 5 5 5 5 5 5 5 5 5 5 5 5 5 5 5 5 5 5 3 3 3 1 1 1 1 1 1 1 1 1 1 1 1 1 1 1 1 1 1 1 1 1 1 1 7 7 7 7 1 1 1 3 3 3 3 3 3 5 5 5 5 5 5 5 5 5 5 5 5 5 5 5 3 3 3 3 3 3 3 3 3 3 3 3 3 3 3 3 3 3 3 3 3 3 3 3 3 3 3 3 3 3 5 5 5 3 3 5 3 3 3 5 5 5 5 5 5 5 5 5 5 5 5 5 5 5 3 3 3 3 3 3 3 3 3 3 3 3 3 5 3 3 3 3 3 3 5 5 5 5 5 5 5 5 5 5 5 5 5 5 5 5 5 5 
5 5 5 5 5 3 3 3 3 3 3 3 3 3 3 5 5 5 5 5 5 5 5 5 5 5 5 5 5 5 5 5 5 5 5 5 5 5 3 3 3 3 3 1 1 1 1 1 1 1 7 7 7 7 7 1 1 1 1 1 1 1 1 1 1 1 1 1 1 1 1 3 3 3 5 5 5 5 5 5 5 5 5 5 5 5 5 5 5 5 5 5 5 5 5 5 5 5 5 5 5 5 5 5 5 5 3 5 5 5 3 3 1 1 1 1 1 1 1 1 1 1 1 1 1 1 1 1 1 1 1 1 1 1 1 1 7 7 1 7 1 1 3 3 3 3 3 5 5 5 5 5 5 5 5 5 5 5 5 5 5 5 5 5 3 3 3 3 3 3 3 3 3 5 3 3 3 3 3 3 3 3 3 3 3 3 3 3 3 3 3 3 3 3 3 5 3 5 5 5 5 5 5 5 5 5 5 5 5 5 5 5 5 5 5 5 5 5 3 3 3 3 3 3 3 3 3 3 3 3 3 3 3 3 3 3 5 5 5 5 3 3 5 5 5 5 5 5 5 5 5 5 5 5 5 5 
5 5 5 5 5 5 3 3 3 3 3 3 3 5 5 3 5 5 5 5 5 5 5 5 5 5 5 5 5 5 5 5 5 5 5 5 5 3 3 3 3 3 3 1 1 1 1 1 1 1 7 7 7 1 1 1 1 1 1 1 1 1 1 1 1 1 1 1 1 1 1 3 3 3 5 5 5 5 5 5 5 5 5 5 5 5 5 5 5 5 5 5 5 5 5 5 5 5 5 5 5 5 5 5 5 5 3 3 3 5 3 3 1 1 1 1 1 1 1 1 1 1 1 1 1 1 1 1 1 1 1 1 1 1 1 1 1 1 1 1 1 1 3 3 3 3 3 5 5 5 5 5 5 5 5 5 5 5 5 5 5 5 5 5 5 5 3 3 3 3 3 3 3 3 3 3 3 3 3 3 3 3 3 3 3 3 3 3 3 3 3 3 3 3 3 3 5 5 5 5 5 5 5 5 5 5 5 5 5 5 5 5 5 5 5 5 5 3 3 3 3 3 3 3 3 3 3 3 3 3 3 3 3 3 3 5 5 5 5 5 5 3 3 5 3 5 5 5 5 5 5 5 5 5 5 5 
5 5 5 5 3 3 3 3 3 3 3 3 3 5 5 3 3 5 5 5 5 5 5 5 5 5 5 5 5 5 5 5 5 5 5 5 5 3 3 3 3 3 3 1 1 1 1 1 1 1 1 1 1 1 1 1 1 1 1 1 1 1 1 1 1 1 1 1 1 1 1 3 3 5 5 5 3 3 3 5 5 5 5 5 5 5 5 5 5 5 5 5 5 5 5 5 5 5 5 5 5 5 5 5 5 5 5 3 3 3 3 1 1 1 1 1 1 1 7 1 1 1 1 1 1 1 1 1 1 1 1 1 1 1 1 1 1 7 7 7 1 1 3 3 3 3 3 5 5 5 5 5 5 5 5 5 5 5 5 5 5 5 5 5 5 5 5 3 3 3 3 3 3 3 3 3 3 3 3 3 3 3 3 3 3 3 3 3 3 3 3 3 3 3 3 3 3 5 5 5 5 5 5 5 5 5 5 5 5 5 5 5 5 5 5 5 3 3 3 3 3 3 3 3 3 3 3 3 3 5 5 3 5 5 5 5 5 5 5 5 5 5 5 5 3 5 5 3 3 3 3 5 5 5 5 5 
5 5 5 3 3 3 3 3 3 3 3 3 5 5 5 5 5 5 5 5 5 5 5 5 5 5 5 5 5 5 5 5 5 5 5 5 3 3 3 3 3 3 3 1 1 7 7 1 1 1 1 1 1 1 1 1 1 1 1 1 1 1 1 1 1 1 1 1 1 1 1 3 3 3 5 5 3 5 5 5 5 5 5 5 5 5 5 5 5 5 5 5 5 5 5 5 5 5 5 5 5 5 5 5 5 5 3 3 3 3 3 1 1 1 7 7 7 7 1 7 7 7 1 1 1 1 1 1 1 1 1 1 1 1 1 7 7 7 7 7 1 3 3 3 3 3 5 5 5 5 5 5 5 5 5 5 5 5 5 5 5 5 5 5 5 5 5 5 3 3 3 3 3 3 3 3 3 3 3 3 3 3 5 3 3 3 3 3 3 3 3 3 3 3 3 3 3 5 5 5 5 5 5 5 5 5 5 5 5 5 5 5 5 5 5 5 3 3 3 3 3 3 3 3 3 3 3 3 3 3 5 5 5 5 5 5 5 5 5 5 5 5 5 5 5 5 5 5 3 3 3 3 5 5 5 5 
5 5 5 5 3 3 3 3 3 3 3 3 3 5 5 5 5 5 5 5 5 5 5 5 5 5 5 5 5 5 5 5 5 5 5 3 3 3 3 3 3 3 1 1 1 1 7 1 1 1 1 1 1 1 1 1 1 1 1 1 1 1 1 1 1 1 1 1 1 1 1 1 3 5 5 5 5 5 5 5 5 5 5 5 5 5 5 5 5 5 5 5 5 5 5 5 5 5 5 5 5 5 3 5 5 3 3 3 3 3 1 1 1 1 7 7 7 7 7 7 7 1 1 1 1 1 1 1 1 1 1 1 1 1 1 7 7 7 7 7 1 3 3 3 3 3 5 5 5 5 5 5 5 5 5 5 5 5 5 5 5 5 5 5 5 5 3 3 3 3 3 3 3 3 3 3 3 3 3 3 5 5 5 5 3 3 3 3 3 3 3 3 3 3 3 5 5 5 5 5 5 5 5 5 5 5 5 5 5 5 5 5 5 5 5 5 5 3 3 3 3 3 3 3 3 3 3 3 3 3 3 5 5 5 5 5 5 5 5 5 5 5 5 5 5 5 5 5 5 5 5 3 5 5 5 5 
5 5 5 5 5 3 3 3 3 3 3 3 3 3 5 5 5 5 5 5 5 5 5 5 5 5 5 5 5 5 5 5 5 5 5 5 3 3 3 3 3 3 1 1 1 1 1 1 1 1 1 1 1 1 1 1 1 1 1 1 1 1 1 1 1 1 1 1 1 1 1 1 3 3 5 5 5 5 5 5 5 5 5 5 5 5 5 5 5 5 5 5 5 5 5 5 5 5 5 5 5 5 3 3 3 3 3 3 3 3 1 1 1 7 7 7 7 7 1 1 1 1 1 1 1 1 1 1 1 1 1 1 1 1 1 1 1 7 7 1 1 3 3 3 3 3 5 5 5 5 5 5 5 5 5 5 5 5 5 5 5 5 5 5 5 5 3 3 3 3 3 3 3 3 5 5 5 3 3 3 3 3 5 3 3 3 3 3 3 3 3 3 3 3 3 5 5 5 5 5 5 5 5 5 5 5 5 5 5 5 5 5 5 5 5 5 5 3 3 3 3 3 3 3 3 3 3 3 3 3 3 3 3 5 5 5 5 5 5 5 5 5 5 5 5 5 5 5 5 5 5 3 3 5 5 5 
5 3 5 5 5 5 3 3 3 3 3 3 3 3 3 5 5 5 5 5 5 5 5 5 5 5 5 5 5 5 5 5 5 5 5 5 3 3 3 3 3 3 1 1 1 1 1 1 1 1 1 1 1 1 1 1 1 1 1 1 1 1 1 1 1 1 1 1 1 1 1 1 3 3 5 5 5 5 5 5 5 5 5 5 5 5 5 5 5 5 5 5 5 5 5 5 5 5 5 5 5 3 3 3 3 3 3 3 3 1 1 1 1 7 7 7 7 7 1 7 7 1 1 1 1 1 1 1 1 1 1 1 1 1 1 1 1 1 1 1 1 3 3 3 3 5 5 5 5 5 5 5 5 5 5 5 5 5 5 5 5 5 5 5 5 5 5 3 3 5 5 5 5 5 5 5 5 3 3 3 3 3 3 5 3 3 3 3 3 3 3 3 3 3 5 5 5 5 3 3 5 5 5 5 5 5 5 5 5 5 5 5 5 5 5 5 3 3 3 3 3 3 3 3 3 3 3 3 3 3 3 3 3 5 5 5 5 5 5 5 5 5 5 5 5 5 5 5 5 5 5 5 3 5 5 5 
5 3 3 5 5 5 3 3 3 3 3 3 3 3 3 3 5 5 5 5 5 5 5 5 5 5 5 5 5 5 5 5 5 5 5 5 5 3 3 3 3 1 1 1 1 1 1 1 1 1 1 1 1 1 1 1 1 1 1 1 1 1 1 1 1 1 1 1 1 1 1 1 1 3 5 5 5 5 5 5 5 5 5 5 5 5 5 5 5 5 5 5 5 5 5 5 5 5 5 5 3 3 5 3 3 3 3 3 1 1 1 1 1 7 7 1 1 7 7 1 1 1 1 1 1 1 1 1 1 1 1 1 1 1 1 1 1 1 1 1 1 3 3 3 3 5 5 5 5 5 5 5 5 5 5 5 5 5 5 5 5 5 5 5 5 5 3 3 3 5 5 5 5 5 5 5 5 5 5 3 3 3 5 5 3 3 3 3 3 3 3 5 5 5 5 3 5 5 5 3 3 3 5 5 5 5 5 5 5 5 5 5 5 5 5 3 3 3 3 3 3 3 3 3 3 3 3 3 3 3 3 3 3 3 5 5 5 5 5 5 5 5 5 5 5 5 5 5 5 5 5 5 3 3 5 5 
5 5 5 5 5 5 3 3 3 3 3 3 3 3 5 5 3 5 5 3 3 5 5 5 5 5 5 5 5 5 5 5 5 5 5 5 5 3 3 3 3 1 1 1 1 1 1 1 1 1 1 1 1 1 1 1 1 1 1 1 1 1 1 1 1 1 1 1 1 1 1 1 1 3 3 5 5 3 3 3 3 5 5 5 5 5 5 5 3 3 3 3 3 3 3 5 5 5 5 5 5 5 3 3 5 3 3 3 1 1 1 1 1 1 7 7 7 1 7 1 1 1 1 1 1 1 1 1 1 1 1 1 1 1 1 1 1 1 1 1 1 3 3 3 5 5 5 5 5 5 5 5 5 5 5 5 5 5 5 5 5 5 5 5 3 5 3 5 5 5 5 5 5 5 5 5 5 5 5 5 5 3 3 3 3 3 3 3 3 3 3 3 3 3 3 3 3 3 3 3 3 3 5 5 5 5 5 5 5 5 5 5 5 5 5 3 3 3 3 3 3 3 3 3 3 3 3 3 3 3 3 3 3 5 5 5 5 5 5 5 5 5 5 5 5 5 5 5 5 5 5 5 3 3 5 5 
5 5 5 3 3 5 5 3 3 3 3 3 3 3 5 5 5 5 3 3 5 5 5 5 5 5 5 5 5 5 5 5 5 5 5 5 5 5 3 3 1 1 1 1 1 1 1 1 1 1 1 1 1 1 1 1 1 1 1 1 1 1 1 1 1 1 1 1 1 1 1 1 1 3 3 5 3 3 3 3 3 3 3 3 3 3 5 5 5 3 3 3 3 5 5 5 5 5 5 5 5 3 3 3 3 3 3 1 1 1 1 1 1 1 7 7 7 1 1 1 1 1 1 1 1 1 1 1 1 1 1 1 1 1 1 1 1 1 1 1 3 3 3 3 3 3 5 5 5 5 5 5 5 5 5 5 5 5 5 5 5 5 5 5 3 3 5 5 5 5 5 5 5 5 5 5 5 5 5 5 5 5 5 3 3 3 3 3 3 3 3 3 3 3 3 3 3 3 3 3 3 5 5 5 5 5 3 5 3 3 5 5 5 3 3 3 3 3 3 3 3 3 3 3 3 3 3 3 3 3 3 3 3 3 5 5 5 5 5 5 5 5 5 5 5 5 5 5 5 5 5 3 3 3 5 5 
5 3 3 3 3 3 3 3 3 3 3 3 3 3 5 3 3 3 3 3 3 5 5 5 5 5 5 5 5 5 5 5 3 3 3 3 3 5 3 3 1 1 1 1 1 1 1 1 1 1 1 1 1 1 1 1 1 1 1 1 1 1 1 1 1 1 1 1 1 1 1 1 1 1 3 3 3 3 3 3 3 3 3 3 3 3 3 5 3 3 3 3 3 3 3 3 5 5 5 5 3 7 7 7 3 3 1 1 1 1 1 1 1 1 1 1 1 1 1 1 1 1 1 1 1 1 1 1 1 1 1 1 1 1 1 1 1 1 1 1 3 3 3 3 3 3 5 5 5 5 5 5 5 5 5 5 5 5 5 5 5 5 5 5 3 3 5 5 5 5 5 5 5 5 5 5 5 5 5 5 5 5 5 5 3 3 3 3 3 3 3 3 3 3 3 3 3 3 3 3 3 3 3 5 5 5 3 3 3 3 3 3 3 3 3 3 3 3 3 3 3 3 3 3 3 3 3 3 3 3 3 3 3 3 3 5 5 5 5 5 5 5 5 5 5 5 5 5 5 5 5 5 5 3 5 3 
5 3 3 3 3 3 3 3 3 3 3 3 3 5 3 3 3 3 3 3 3 3 5 5 3 5 5 3 3 3 3 3 3 3 3 3 3 3 3 1 1 1 1 1 1 1 1 1 1 1 1 1 1 1 1 1 1 1 1 1 1 1 1 1 1 1 1 1 1 1 1 1 1 1 3 3 3 3 3 3 3 3 3 3 3 3 3 5 5 5 5 3 5 5 5 3 5 3 5 5 3 3 3 3 3 1 1 1 1 1 1 1 1 1 1 1 1 1 1 1 1 1 1 1 1 1 1 1 1 1 1 1 1 1 1 1 1 1 1 1 3 3 3 3 3 3 5 5 5 5 5 5 5 5 5 5 5 5 5 5 5 5 5 5 5 5 5 5 5 5 5 5 5 5 5 5 5 5 5 5 5 5 5 5 3 3 3 3 3 3 3 3 3 3 3 3 3 3 3 3 3 3 3 3 3 3 3 3 3 3 3 3 3 3 3 3 3 3 3 3 3 3 3 3 3 3 3 3 3 3 3 3 3 3 3 5 5 5 5 5 5 5 5 5 5 5 5 5 5 5 5 3 3 3 5 5 
3 3 3 3 3 3 3 3 3 3 3 3 3 3 3 3 3 5 5 5 5 3 3 3 5 5 5 5 3 3 3 3 3 3 3 3 3 3 1 1 1 1 1 1 1 1 1 1 1 1 1 1 1 1 1 1 1 1 1 1 1 1 1 1 1 1 1 1 1 1 1 1 1 1 1 3 3 3 3 3 3 3 3 3 3 5 5 5 5 5 5 5 5 3 5 3 3 3 3 5 3 3 3 3 1 1 1 1 1 1 1 1 1 1 1 1 1 1 1 1 1 1 1 1 1 1 1 1 1 1 1 1 1 1 1 1 1 1 1 1 3 3 3 3 3 3 5 5 5 5 5 5 5 5 5 5 5 5 5 5 5 3 3 3 5 5 5 5 5 5 5 5 5 5 5 5 5 5 5 5 5 5 5 5 3 3 3 3 3 3 3 3 5 5 3 3 3 3 3 3 3 3 3 3 5 3 3 3 3 3 3 3 3 3 3 3 3 3 3 3 3 3 3 3 3 3 3 3 5 3 3 3 3 3 3 5 5 5 5 5 5 5 5 5 5 5 5 5 5 5 5 3 3 3 3 3 
3 3 3 3 3 3 3 3 3 3 3 3 3 3 3 3 3 5 3 3 3 3 3 3 5 5 5 5 3 3 3 3 3 3 3 3 3 1 1 1 1 1 1 1 1 1 1 1 1 1 1 1 1 1 1 1 1 1 1 1 1 1 1 1 1 1 1 1 1 1 1 1 1 1 1 3 3 3 3 3 3 3 3 3 5 5 5 5 5 5 5 5 5 3 5 5 5 3 3 5 3 3 3 3 1 1 1 1 1 1 1 1 1 1 1 1 1 1 1 1 1 1 1 1 1 1 1 1 1 1 1 1 1 1 1 1 1 1 1 1 3 3 3 3 3 3 5 5 5 5 5 5 5 5 5 5 5 5 3 3 5 3 3 3 3 5 5 5 5 5 5 5 5 5 5 5 5 5 5 5 5 5 3 3 3 3 3 3 3 3 5 5 3 3 3 3 3 3 3 3 3 3 3 3 3 5 5 3 3 3 3 3 3 3 3 3 3 3 3 3 3 3 3 3 3 3 3 3 5 5 3 3 3 3 3 3 5 5 5 5 5 5 5 5 5 5 5 5 5 5 3 5 3 5 5 3 
5 3 3 3 3 3 3 3 3 3 3 3 3 3 3 5 5 5 5 3 3 3 3 3 3 3 5 3 3 3 3 3 3 3 3 1 1 1 1 1 1 1 1 1 1 1 1 1 1 1 1 1 1 1 1 1 1 1 1 1 1 1 1 1 1 1 1 1 1 1 1 1 1 1 1 3 3 3 3 3 3 3 3 3 5 5 5 5 5 5 5 5 5 5 5 5 3 5 3 3 3 3 3 3 1 1 1 1 1 7 1 1 1 1 1 1 1 1 1 1 1 1 1 1 1 1 1 1 1 1 1 1 1 1 1 1 1 1 1 1 3 3 3 3 3 3 5 3 3 5 5 3 5 5 5 5 3 3 3 3 3 5 5 5 5 5 5 5 5 5 5 5 5 5 5 5 5 5 5 5 5 5 5 5 3 3 3 3 3 3 5 3 3 3 3 3 3 3 3 3 3 3 3 3 3 3 5 5 3 3 3 3 3 3 3 3 3 3 3 3 3 3 3 3 3 3 3 3 3 3 3 3 3 3 3 3 5 5 5 5 5 5 5 5 5 5 5 5 5 5 3 5 5 5 3 3 
5 3 3 3 3 3 3 3 3 3 3 3 3 3 3 3 3 3 3 3 3 3 3 3 3 3 7 3 3 3 3 3 3 1 1 1 1 1 1 1 1 1 1 1 1 1 1 1 1 1 1 1 1 1 1 1 1 1 1 1 1 1 1 1 1 1 1 1 1 1 1 1 1 1 1 1 3 3 3 3 3 3 5 5 5 5 5 5 5 5 5 5 5 5 5 5 5 5 5 5 3 3 3 1 1 1 1 1 1 1 7 1 1 1 1 1 1 1 1 1 1 1 1 1 1 1 1 1 1 1 1 1 1 1 1 1 1 1 1 1 3 3 3 3 3 3 3 3 5 5 3 3 3 3 3 3 3 3 3 3 5 5 5 5 5 5 5 5 5 5 5 5 5 5 5 5 5 5 5 5 5 5 5 5 3 3 3 3 3 5 5 5 5 5 5 5 3 3 3 3 3 3 3 5 5 3 5 3 3 3 3 3 3 3 3 3 3 3 3 3 3 3 3 3 3 3 3 3 3 3 3 3 3 3 3 3 3 5 5 5 5 3 5 5 5 5 5 3 5 5 5 5 5 5 5 5 
5 5 5 3 3 3 3 3 3 3 3 3 3 3 3 3 3 3 1 1 3 3 3 3 3 3 7 3 3 1 1 1 1 1 1 1 1 7 1 7 1 7 1 1 1 1 1 1 1 1 1 1 1 1 1 1 1 1 1 1 1 1 1 1 1 1 1 1 1 1 1 1 1 1 1 1 3 3 3 3 3 5 5 3 5 5 5 5 5 5 5 5 5 5 5 5 5 5 5 5 5 3 3 1 1 1 1 1 1 1 1 1 1 1 1 1 1 1 1 1 1 1 1 1 1 1 1 1 1 1 1 1 1 1 1 1 1 1 1 1 3 3 3 3 3 3 3 3 3 3 3 3 3 3 3 3 3 3 3 3 3 3 5 5 5 5 5 5 5 5 5 5 5 5 5 5 5 5 5 5 5 5 5 5 3 3 3 3 3 3 5 5 5 5 5 5 5 3 3 3 3 3 3 3 5 5 5 3 3 3 3 3 3 3 3 3 3 3 3 3 3 3 3 3 3 3 3 3 3 3 3 3 3 3 3 3 3 3 3 3 3 3 3 5 5 3 3 3 5 5 5 5 5 5 5 5 
5 5 5 3 3 3 3 3 3 3 3 3 3 3 1 1 1 1 1 1 1 1 1 1 1 1 1 1 1 1 1 1 1 1 1 7 7 7 1 1 7 7 1 1 1 1 1 1 1 1 1 1 1 1 1 1 1 1 1 1 1 1 1 1 1 1 1 1 1 1 1 1 1 1 1 1 3 3 3 3 3 5 5 5 5 5 5 5 5 5 5 5 5 5 5 3 5 3 3 3 3 3 3 3 1 1 1 1 1 1 1 1 1 1 1 1 1 1 1 1 1 1 1 1 1 1 1 1 1 1 1 1 1 1 1 1 1 1 1 1 3 3 3 3 3 3 3 3 3 3 3 3 3 3 3 3 3 3 3 3 3 5 5 5 5 5 5 5 5 5 5 5 5 5 5 5 5 5 5 5 5 5 5 5 5 5 5 3 3 3 5 5 5 5 5 5 5 3 3 3 3 3 3 3 3 3 5 3 5 3 3 3 3 3 3 3 3 3 3 3 3 3 3 3 3 3 3 3 3 3 3 3 3 3 3 3 3 3 3 3 3 3 5 3 3 5 5 5 5 5 5 5 5 5 5 5 
5 5 5 5 3 3 3 3 3 3 3 3 3 1 1 1 1 1 1 1 1 1 1 1 1 1 1 1 1 1 1 1 1 1 1 1 1 7 1 1 1 7 7 1 1 1 1 1 1 1 1 1 1 1 1 1 1 1 1 1 1 1 1 1 1 1 1 1 1 1 1 1 1 1 1 1 3 3 3 3 3 5 3 3 3 5 5 5 5 5 5 5 5 5 5 5 5 3 3 3 3 3 3 3 1 1 1 1 1 1 1 1 1 1 1 1 1 1 1 1 1 1 1 1 1 1 1 1 1 1 1 1 1 1 1 1 1 1 1 3 3 3 3 3 3 3 3 3 3 3 3 3 3 3 3 3 3 3 3 3 3 3 3 5 5 5 5 5 5 5 5 5 5 5 5 5 5 5 5 5 5 5 5 5 5 5 5 3 3 5 5 5 5 5 5 5 5 5 3 3 3 3 3 3 3 3 5 3 3 3 3 3 3 3 3 3 3 3 3 3 3 3 3 3 3 3 3 3 3 3 3 3 3 3 3 3 3 3 3 3 3 3 5 3 3 5 5 5 5 5 5 5 5 5 5 5 
5 5 5 5 5 3 3 3 3 3 3 3 1 1 1 1 1 1 1 1 1 1 1 1 1 1 1 1 1 1 1 1 1 1 1 1 1 1 1 1 1 1 1 1 1 1 1 1 1 1 1 1 1 1 1 1 1 1 1 1 1 1 1 1 1 1 1 1 1 1 1 1 1 1 1 1 1 3 3 3 3 3 3 3 5 5 5 5 5 5 5 5 5 5 5 3 3 3 3 3 3 3 3 3 1 1 1 1 1 1 1 1 1 1 1 1 1 1 1 1 1 1 1 1 1 1 1 1 1 1 1 1 1 1 1 1 1 3 3 3 3 3 3 3 3 3 3 3 3 3 3 3 3 3 3 3 3 3 3 3 3 3 5 5 5 5 5 5 5 5 5 5 5 5 5 5 5 5 5 5 5 5 5 5 5 5 5 3 3 5 5 5 5 5 5 5 5 5 5 3 5 5 5 3 3 3 5 3 3 5 5 3 3 3 3 3 3 3 3 3 3 3 3 3 3 3 3 3 3 3 3 3 3 3 3 3 3 3 3 3 3 5 5 5 5 5 5 5 5 5 5 5 5 5 5 5 
5 5 5 5 5 3 3 3 3 3 3 3 1 1 1 1 1 1 1 1 1 1 1 1 1 1 1 1 1 1 1 1 1 1 1 1 1 1 1 1 1 1 1 1 1 1 1 1 1 1 1 1 1 1 1 1 1 1 1 1 1 1 1 1 1 1 1 1 1 1 1 1 1 1 1 1 1 3 3 3 3 5 5 5 3 5 5 5 5 5 5 5 5 5 3 3 3 3 3 3 3 3 3 3 1 1 1 1 1 1 1 1 1 1 1 1 1 1 1 1 1 1 1 1 1 1 1 1 1 1 1 1 1 1 1 3 3 3 3 3 3 3 3 3 3 3 3 3 3 3 3 3 3 3 3 3 3 3 3 3 3 3 3 3 5 5 5 5 5 5 5 5 5 5 5 5 5 5 5 5 5 5 5 5 5 3 5 5 5 5 5 5 5 5 5 5 5 5 5 5 5 5 5 3 5 3 3 3 5 3 5 3 3 3 3 3 3 3 3 3 3 3 3 3 3 3 3 3 3 3 3 3 3 3 3 3 3 3 3 3 3 5 5 5 5 5 5 5 5 5 5 5 5 5 5 5 
5 5 5 5 5 3 5 3 3 3 3 1 1 1 1 1 1 1 1 7 1 1 1 1 1 1 1 1 1 1 1 1 1 1 1 1 1 1 1 1 1 1 1 1 1 1 1 1 1 1 1 1 1 1 1 1 1 1 1 1 1 1 1 1 1 1 1 1 1 1 1 1 1 1 1 1 1 3 3 3 5 5 5 3 5 5 3 5 3 3 3 3 5 5 5 3 3 3 3 3 3 3 3 3 3 1 1 1 1 1 1 1 1 1 1 1 1 1 1 1 1 1 1 1 1 1 1 1 1 1 1 3 3 3 3 3 3 3 3 3 3 3 3 3 3 3 3 3 3 3 3 3 3 3 3 3 3 3 3 3 3 3 3 5 5 5 5 5 5 5 5 5 5 5 5 5 5 5 5 5 5 5 5 5 5 5 3 5 5 5 5 5 5 5 5 5 5 5 5 5 5 5 5 5 3 3 3 3 5 3 5 5 3 3 3 3 3 3 3 3 3 3 3 3 3 3 3 3 3 3 3 3 3 3 3 3 3 3 3 3 5 5 5 5 5 5 5 5 5 5 5 5 5 5 5 5 
5 5 5 5 5 5 5 5 3 3 3 1 1 1 1 1 1 1 1 1 1 1 1 1 1 1 1 1 1 1 1 1 1 1 1 1 1 1 1 1 1 1 1 1 1 1 1 1 1 1 1 1 1 1 1 1 1 1 1 1 1 1 7 7 1 1 1 1 1 1 1 1 1 1 1 1 1 3 3 5 3 5 5 5 3 5 3 3 5 3 3 3 3 5 3 3 3 3 3 3 3 3 3 3 3 1 1 1 1 1 1 1 1 1 1 1 1 1 1 1 1 1 1 1 1 1 1 1 3 3 3 3 3 3 3 3 3 3 3 3 3 3 3 3 3 3 3 3 3 3 3 3 3 3 3 3 3 3 3 3 3 3 3 3 3 3 5 5 5 5 5 5 5 5 5 5 5 5 5 5 5 5 5 5 5 3 5 5 5 5 5 5 5 5 5 5 5 5 5 5 5 5 5 5 3 3 3 3 3 3 5 5 3 3 3 3 3 7 3 3 3 3 3 3 3 3 3 3 3 3 3 3 3 3 3 3 3 3 3 5 5 5 5 5 5 5 5 5 5 5 5 5 5 5 5 5 
5 5 5 5 5 3 3 5 3 3 3 1 1 1 1 1 1 1 1 1 1 1 1 1 1 1 1 1 1 1 1 1 1 1 1 1 1 1 1 1 1 1 1 1 1 1 1 1 1 1 1 1 1 1 1 1 1 1 1 1 1 1 1 1 1 1 1 1 1 1 1 1 1 1 1 1 1 3 3 3 3 3 5 5 5 5 5 3 3 5 3 3 5 3 3 3 3 3 3 3 3 3 3 3 3 3 1 1 1 1 1 1 7 1 1 1 1 1 1 1 7 1 1 1 1 1 3 3 3 3 3 3 3 3 3 3 3 3 3 3 3 3 3 3 3 3 3 3 3 3 3 3 3 3 3 3 3 3 3 3 3 3 3 3 3 3 5 5 5 5 5 5 5 5 5 5 5 5 5 5 5 5 5 5 3 5 5 5 5 5 5 5 5 5 5 5 5 5 5 5 5 5 5 5 5 3 3 3 3 5 5 3 3 3 3 3 3 3 3 3 3 3 3 3 3 3 3 3 3 3 3 3 3 3 3 3 3 3 3 5 5 5 5 5 5 5 5 5 5 5 5 5 5 5 5 5 
5 3 3 3 3 3 3 5 3 3 3 1 1 1 1 1 1 1 1 1 1 1 1 1 1 1 1 1 1 1 1 1 1 1 1 1 1 1 1 1 1 1 1 1 1 1 1 1 1 1 1 1 1 1 1 1 1 1 1 1 1 1 1 1 1 1 1 1 1 1 1 1 1 1 1 7 7 3 3 3 3 3 3 5 3 3 3 5 5 5 3 3 3 3 3 3 3 3 3 3 3 3 3 3 3 3 1 1 1 1 1 1 1 1 1 1 1 1 1 1 1 1 1 1 3 3 3 3 3 3 3 3 3 3 3 3 3 3 3 3 5 5 5 3 5 3 3 3 3 3 3 3 3 3 3 3 3 3 3 3 3 3 3 3 3 3 3 3 3 5 5 5 5 5 5 5 5 5 5 5 5 5 5 5 3 3 5 5 5 5 5 5 5 5 5 5 5 5 5 5 5 5 5 3 3 3 5 5 3 3 3 3 3 3 3 3 3 3 3 3 3 3 3 3 3 3 3 3 3 3 3 3 3 3 3 3 3 5 5 5 5 5 5 5 5 5 5 5 5 5 5 5 5 5 5 5 
5 3 3 3 3 3 3 3 3 3 3 1 1 1 1 1 1 1 1 1 1 1 1 1 1 1 1 1 1 1 1 1 1 1 1 1 1 1 1 1 1 1 1 1 1 1 1 1 1 1 1 1 1 1 1 1 1 1 1 1 1 1 1 1 1 1 1 1 1 1 1 1 1 1 1 1 3 3 3 3 3 3 3 3 3 5 5 5 5 5 3 3 3 3 3 3 3 3 3 3 3 3 3 3 3 3 3 1 1 1 1 1 1 1 1 1 1 1 1 1 1 1 1 3 3 3 3 3 3 3 3 3 3 3 3 3 5 3 3 3 3 3 5 5 5 5 5 3 3 3 3 3 3 3 3 3 3 3 3 3 3 3 3 3 3 3 3 3 3 3 3 3 5 5 5 5 5 5 5 5 5 5 5 5 3 3 3 5 5 5 5 5 5 5 5 5 5 5 5 5 5 5 5 5 3 3 3 3 5 3 3 3 3 3 3 3 3 3 3 3 3 3 3 3 3 3 5 5 5 3 3 3 3 3 3 3 3 5 5 5 5 5 5 5 5 5 5 5 5 5 5 5 5 5 5 5 
5 3 3 3 3 3 3 3 3 3 3 1 1 1 1 1 1 1 1 1 1 1 1 1 1 1 1 1 1 1 1 1 1 1 1 1 1 1 1 1 1 1 1 1 1 1 1 1 1 1 1 1 1 1 1 1 1 1 1 1 1 1 1 1 1 1 1 1 1 1 1 1 1 1 1 1 3 3 3 3 3 5 3 3 3 5 5 5 5 3 3 3 3 5 5 5 5 5 5 3 3 3 3 3 3 3 3 3 1 1 1 1 1 1 1 1 1 1 1 1 1 1 3 3 3 3 3 3 3 3 3 3 3 3 3 3 3 5 3 3 3 5 3 3 5 5 5 5 5 5 5 3 3 3 3 3 3 3 3 3 3 3 3 3 3 3 3 3 3 3 3 3 3 3 3 5 3 3 5 5 5 5 3 3 3 3 5 5 5 5 5 5 5 5 5 5 5 5 5 5 5 5 5 5 3 3 3 5 3 3 3 3 3 3 3 3 3 3 3 3 3 3 3 5 5 5 5 5 5 3 3 5 3 3 3 3 3 3 3 5 5 5 5 5 5 5 5 5 5 5 5 5 5 5 5 5 
3 3 3 3 3 3 3 3 3 3 3 1 1 1 1 1 1 1 1 1 1 1 1 1 1 1 1 1 1 1 1 1 1 1 1 1 1 1 1 1 1 1 1 1 1 1 1 1 1 1 1 1 1 1 1 1 1 1 1 1 1 1 1 1 1 1 1 1 1 1 1 1 1 1 1 3 3 3 3 3 3 3 3 3 3 3 3 3 3 3 5 5 5 5 5 5 5 5 5 5 5 3 3 3 3 3 3 3 3 1 1 1 1 1 1 1 1 1 1 1 1 3 3 3 3 3 3 3 3 5 5 5 5 3 5 5 5 5 5 5 5 3 3 3 5 5 5 5 5 5 5 5 3 5 5 3 3 3 3 5 5 5 5 3 3 3 3 3 3 3 3 3 3 3 3 3 3 3 3 3 3 3 3 3 3 3 3 5 5 5 5 5 5 5 5 5 5 5 5 5 5 5 5 3 3 3 3 3 5 3 3 3 3 3 3 3 3 3 3 3 3 3 5 5 5 5 5 5 5 5 5 3 3 3 3 3 3 3 5 5 5 5 5 5 5 5 5 5 5 5 5 5 5 5 5 5 
5 3 3 3 3 3 3 3 3 3 3 1 1 1 1 1 1 1 1 1 1 1 1 1 1 1 1 1 1 1 1 1 1 1 1 1 1 1 1 1 1 1 1 1 1 1 1 1 1 1 1 1 1 1 1 1 1 1 1 1 1 1 1 1 1 1 1 1 1 1 1 1 1 3 3 3 3 3 3 3 3 3 3 3 3 3 3 3 3 5 5 5 5 5 5 5 5 5 5 5 5 5 3 3 3 3 3 3 3 3 1 1 1 1 1 1 1 1 1 1 3 3 3 3 3 3 3 3 3 3 5 5 5 5 5 5 5 5 5 3 5 3 3 3 5 5 5 5 5 5 5 5 5 5 3 5 5 3 5 5 3 3 3 3 3 3 3 3 3 3 3 3 3 3 3 3 3 3 3 3 3 3 3 3 3 3 3 3 5 5 5 5 5 5 5 5 5 5 5 5 5 5 5 3 3 3 3 5 3 3 3 3 3 3 3 3 3 3 3 3 3 5 5 5 5 5 5 5 5 5 5 3 3 3 3 3 3 3 5 5 5 5 5 5 5 5 5 5 5 5 5 5 5 5 5 3 
5 3 3 3 3 3 3 3 3 3 3 3 1 1 1 1 1 1 1 1 1 1 1 1 1 1 1 1 1 3 3 3 3 3 3 3 3 3 3 3 3 1 1 1 1 1 1 1 1 1 1 1 1 1 1 1 1 1 1 1 1 1 1 1 1 1 1 1 1 1 1 3 3 3 3 3 3 3 3 5 5 5 3 3 3 3 3 3 3 5 5 5 5 5 5 5 5 5 5 5 5 5 3 3 3 3 3 3 3 3 3 1 1 1 1 1 1 1 3 3 3 3 3 3 3 5 5 5 5 5 5 5 5 5 5 5 3 5 3 5 5 3 3 3 5 5 5 5 5 5 3 5 3 3 5 5 5 5 5 5 5 5 5 3 5 3 3 3 3 3 3 3 3 3 3 3 3 3 3 3 3 3 3 3 3 3 3 5 5 5 5 5 5 5 5 5 5 5 5 5 5 5 5 3 3 5 3 5 5 3 3 3 3 3 3 3 3 3 5 5 5 5 5 5 5 5 5 5 5 5 5 5 3 3 3 3 3 3 3 3 5 5 5 5 5 5 5 5 5 5 5 5 5 3 5 3 
5 5 3 3 3 3 3 3 3 3 3 3 3 1 1 1 1 1 1 1 1 1 1 1 1 1 1 3 3 3 3 3 3 3 3 3 3 3 3 3 3 3 3 1 1 1 1 1 1 1 1 1 1 1 1 1 1 1 1 1 1 1 1 1 1 1 1 1 3 3 3 3 3 3 5 5 5 5 5 5 5 5 5 3 5 5 3 3 3 3 5 5 5 5 5 5 5 5 5 5 5 3 3 3 3 3 3 5 5 3 3 3 3 1 1 1 7 3 3 3 3 3 3 3 3 5 5 5 5 5 5 5 5 5 5 5 5 3 3 3 3 3 3 3 5 5 5 5 5 5 5 3 5 5 5 5 5 5 5 5 5 5 5 5 5 5 3 3 3 3 3 3 3 3 3 3 3 3 3 3 3 3 3 3 3 3 3 3 5 5 5 5 5 5 5 5 5 5 5 3 3 3 5 5 5 5 5 5 3 3 3 3 3 3 3 3 3 3 3 3 5 5 5 5 5 5 5 5 5 5 5 5 5 3 3 3 3 3 3 3 5 5 5 5 5 5 5 5 5 5 3 3 3 3 5 5 
5 5 3 5 3 3 3 3 3 3 3 3 3 3 1 1 1 1 1 1 1 1 1 1 1 3 3 3 3 3 3 3 3 3 3 3 3 5 5 3 3 3 3 3 3 1 1 1 1 1 1 1 1 1 1 1 1 1 1 1 1 1 1 1 3 3 3 3 3 3 3 3 5 5 5 5 5 5 5 5 5 5 5 5 3 5 5 5 3 5 5 5 5 5 5 5 5 5 5 5 5 5 5 5 3 5 5 3 5 5 5 3 3 3 3 3 3 3 3 3 3 3 3 3 5 5 5 5 5 5 5 5 5 5 5 5 5 5 3 3 3 5 3 3 3 5 5 5 5 5 5 3 3 5 5 5 5 5 5 5 5 5 5 5 5 5 5 5 3 3 3 3 3 3 3 3 3 3 3 3 3 3 3 3 3 3 3 3 3 5 5 5 5 5 5 5 5 5 5 3 3 3 5 5 5 5 5 3 5 5 3 3 3 3 3 3 3 3 3 3 5 5 5 5 5 5 5 5 5 5 5 5 5 3 3 3 3 3 3 3 3 3 5 5 5 5 3 3 3 3 3 3 5 3 3 5 
5 5 3 5 5 5 5 3 3 3 3 3 3 3 3 3 1 1 1 1 1 1 3 3 3 3 3 3 5 5 5 5 5 3 3 3 5 5 5 5 5 3 3 3 3 3 3 1 1 1 1 1 1 1 1 1 1 1 1 1 3 3 3 3 3 3 3 3 3 3 5 3 5 5 3 5 5 5 5 3 5 5 3 3 5 5 5 5 3 5 5 5 5 5 5 5 5 5 5 5 5 5 5 5 5 3 5 5 5 3 3 3 3 3 3 3 3 3 3 3 3 3 3 5 5 5 5 5 5 5 5 5 5 5 5 5 5 5 5 5 3 3 3 3 3 5 5 5 5 5 5 3 3 3 3 5 5 5 5 5 5 5 5 5 5 5 5 5 5 5 5 3 3 3 3 3 3 3 3 3 3 3 3 3 3 3 3 3 3 5 5 5 5 5 5 5 5 5 3 5 5 5 5 5 5 5 3 5 3 3 3 3 3 3 3 3 3 3 3 3 3 5 5 5 5 5 5 5 5 5 5 5 5 3 3 3 3 3 3 3 3 3 3 3 3 3 3 3 3 3 5 5 5 3 3 3 
5 5 3 3 5 5 5 3 3 3 3 3 3 3 3 3 3 3 3 3 3 3 3 3 3 3 3 3 5 5 5 3 5 3 3 3 5 5 5 5 5 5 5 5 5 3 3 3 3 1 1 1 1 1 1 1 3 3 3 3 3 3 3 3 3 3 3 5 5 5 3 3 3 5 5 5 5 5 3 3 5 3 5 5 5 5 5 5 3 3 5 5 5 5 5 5 5 5 5 5 5 5 5 5 5 5 3 3 5 5 3 3 3 3 3 3 3 3 3 3 3 3 3 3 5 5 5 5 5 5 5 5 5 5 5 5 5 5 5 5 5 3 3 3 3 5 5 5 3 3 5 3 3 3 3 3 5 5 5 5 5 5 5 5 5 5 5 5 5 5 5 5 5 5 5 3 3 3 3 3 3 3 3 3 3 3 5 5 5 5 5 5 5 5 5 5 3 5 5 5 5 5 5 5 5 5 5 5 3 3 3 3 3 3 3 3 3 3 3 5 5 5 5 5 5 5 5 5 5 5 5 5 5 3 3 3 3 3 3 3 3 3 3 3 3 3 3 3 3 5 5 5 5 5 3 3 
5 5 3 3 5 5 5 3 3 3 3 3 3 3 3 3 3 3 3 3 3 3 3 3 3 3 3 3 5 5 5 5 5 3 3 3 3 5 5 5 5 5 5 5 5 5 3 3 3 3 3 3 3 3 3 3 3 3 3 3 3 3 3 3 3 3 5 5 3 3 3 3 3 5 5 5 5 5 3 3 3 5 5 5 5 5 5 5 3 3 5 5 5 5 5 5 5 5 5 5 5 5 5 5 5 5 5 5 5 5 5 5 3 3 3 3 3 3 3 3 3 3 5 5 5 5 5 5 5 5 5 5 5 5 5 5 5 5 5 5 5 3 3 3 3 3 5 5 5 5 5 5 3 3 3 5 5 5 5 5 5 5 5 5 5 5 5 5 5 5 5 3 3 3 3 3 3 3 3 3 3 3 3 3 3 3 3 3 5 3 3 3 3 5 3 3 3 5 5 5 5 5 5 5 5 5 5 3 3 3 3 3 3 3 3 3 3 3 3 5 5 5 5 5 5 5 5 5 5 5 5 5 3 3 3 3 3 3 3 3 3 3 3 3 3 3 3 3 5 5 5 5 5 5 5 5 
5 3 3 5 5 5 5 5 3 3 3 3 3 3 3 3 3 3 3 3 3 3 3 3 3 5 5 3 5 5 5 5 5 5 5 3 3 5 5 5 5 5 5 5 5 5 3 3 3 3 3 3 3 3 3 3 3 3 3 3 3 3 3 3 3 3 5 3 3 3 3 3 3 3 5 5 3 3 3 3 3 3 5 5 5 5 5 5 3 3 3 5 5 5 5 5 5 5 5 5 5 5 5 5 5 5 5 5 5 5 5 5 5 3 3 3 3 3 3 3 3 3 5 5 5 5 5 5 5 5 5 5 5 5 5 5 5 3 3 3 5 3 3 3 3 5 5 5 5 5 5 5 3 3 3 3 5 5 5 5 5 5 5 5 5 5 5 5 5 5 5 5 3 3 3 3 3 3 3 3 3 3 3 5 5 3 5 5 3 5 5 5 5 5 5 5 5 5 5 5 5 5 5 5 5 5 5 3 3 3 3 3 3 3 3 3 3 3 3 5 5 5 5 5 5 5 5 5 5 5 5 5 3 3 3 3 3 3 3 3 3 3 3 3 3 3 3 3 5 5 5 5 5 5 5 5 
3 3 5 5 5 5 5 3 3 3 3 3 3 3 5 5 3 3 3 3 3 3 3 3 5 5 5 5 5 5 5 5 5 5 3 3 5 5 5 5 5 5 5 5 5 5 3 3 3 3 3 3 3 3 3 3 3 3 3 3 3 3 3 3 3 3 3 3 3 3 3 3 3 3 3 3 3 3 3 3 3 5 5 5 5 5 5 5 3 3 3 5 5 5 5 5 5 5 5 5 5 5 5 5 3 3 5 5 5 5 5 5 5 3 3 3 3 3 3 3 3 3 3 5 5 5 5 5 5 5 5 5 5 5 5 5 5 5 5 3 3 3 3 3 3 3 3 3 5 5 5 3 3 3 3 3 5 5 5 5 5 5 5 5 5 5 5 5 5 5 5 5 3 3 3 3 3 3 3 3 3 3 3 3 5 5 5 5 3 3 5 5 5 5 5 5 5 5 5 5 5 5 5 5 5 5 5 3 3 3 3 3 3 3 3 3 3 3 5 5 5 5 5 5 5 5 5 5 5 5 5 3 3 3 0 0 0 0 0 0 0 0 3 3 3 3 3 3 5 5 5 5 5 5 5 5 
